1 21 2
1 44 2
1 49 1
1 54 1
1 79 1
1 90 1
1 151 1
1 214 1
1 370 1
1 371 1
1 537 1
1 581 1
1 768 1
1 800 1
1 1150 1
1 1292 1
1 1640 1
1 1769 1
1 1860 1
1 1882 1
2 38 5
2 107 1
2 114 2
2 172 1
2 314 2
2 751 1
2 912 1
2 1004 2
2 1486 1
2 1564 1
2 1805 1
2 2394 3
3 1 2
3 5 1
3 11 2
3 12 2
3 13 1
3 15 1
3 17 1
3 21 2
3 27 2
3 38 15
3 54 1
3 60 1
3 72 1
3 73 1
3 80 2
3 85 1
3 89 1
3 91 4
3 92 2
3 101 1
3 106 1
3 107 1
3 130 1
3 138 2
3 139 6
3 156 2
3 193 1
3 220 1
3 232 3
3 244 1
3 261 1
3 263 6
3 280 1
3 284 2
3 285 1
3 291 1
3 292 1
3 308 2
3 311 1
3 314 4
3 315 1
3 319 1
3 378 2
3 384 1
3 411 1
3 413 1
3 424 3
3 456 1
3 471 3
3 515 2
3 531 3
3 581 2
3 588 1
3 589 1
3 596 3
3 632 1
3 661 1
3 694 1
3 698 1
3 709 1
3 821 1
3 824 1
3 825 1
3 831 1
3 882 1
3 904 2
3 912 2
3 968 1
3 1004 2
3 1113 1
3 1152 1
3 1164 1
3 1168 2
3 1227 1
3 1290 1
3 1339 1
3 1363 1
3 1402 1
3 1455 1
3 1472 2
3 1488 1
3 1491 1
3 1528 1
3 1554 1
3 1564 4
3 1572 1
3 1579 1
3 1581 1
3 1665 1
3 1837 2
3 1840 1
3 1922 1
3 2015 4
3 2023 2
3 2147 1
3 2200 1
3 2394 2
3 2482 1
4 14 1
4 34 1
4 38 6
4 44 1
4 58 4
4 73 4
4 74 1
4 101 1
4 127 1
4 130 1
4 161 2
4 167 1
4 175 1
4 235 1
4 245 2
4 257 1
4 366 1
4 379 3
4 412 1
4 431 1
4 446 1
4 478 1
4 483 1
4 504 4
4 511 2
4 544 1
4 658 1
4 666 1
4 669 2
4 744 1
4 831 1
4 845 1
4 849 1
4 1142 1
4 1249 1
4 1497 1
4 1848 1
4 1931 2
4 2090 1
4 2276 1
4 2432 3
5 9 1
5 11 1
5 52 1
5 111 1
5 114 1
5 143 3
5 167 1
5 206 1
5 294 2
5 296 1
5 320 1
5 360 1
5 580 1
5 600 1
5 629 2
5 667 3
5 830 1
5 945 1
5 982 1
5 1041 1
5 1095 1
5 1147 1
5 1243 1
5 1312 1
5 1373 1
5 1817 1
5 1903 1
5 1942 1
5 2425 1
6 5 1
6 17 1
6 86 1
6 189 1
6 332 1
6 361 1
6 687 1
6 910 1
6 1376 1
7 1 3
7 13 2
7 30 1
7 35 2
7 41 1
7 56 4
7 86 2
7 111 5
7 112 1
7 118 1
7 120 1
7 133 3
7 140 1
7 144 1
7 161 1
7 174 1
7 184 1
7 186 1
7 189 2
7 217 1
7 248 1
7 259 2
7 301 2
7 313 2
7 327 1
7 347 2
7 355 1
7 357 1
7 388 1
7 390 3
7 392 1
7 395 1
7 408 2
7 473 6
7 493 4
7 502 3
7 513 5
7 514 2
7 537 1
7 560 1
7 574 3
7 594 1
7 612 1
7 631 1
7 676 3
7 678 1
7 681 1
7 700 1
7 746 1
7 754 1
7 772 1
7 795 2
7 803 1
7 823 1
7 826 1
7 856 1
7 939 1
7 977 2
7 997 1
7 1047 1
7 1064 1
7 1127 1
7 1162 1
7 1177 1
7 1220 1
7 1367 1
7 1433 1
7 1475 1
7 1531 1
7 1537 1
7 1757 1
7 1908 1
7 1913 1
7 1986 1
7 2109 2
7 2111 1
7 2131 2
7 2443 3
7 2447 2
7 2452 1
8 1 1
8 5 1
8 9 1
8 13 1
8 14 1
8 24 1
8 27 1
8 34 1
8 44 1
8 49 1
8 51 2
8 71 1
8 96 1
8 109 1
8 120 1
8 130 1
8 135 1
8 139 1
8 148 1
8 165 2
8 178 1
8 184 1
8 189 1
8 193 1
8 218 1
8 237 1
8 238 1
8 239 1
8 243 1
8 257 1
8 265 1
8 273 1
8 310 1
8 343 3
8 344 1
8 366 1
8 398 1
8 406 1
8 413 3
8 418 2
8 447 1
8 484 1
8 529 1
8 534 1
8 585 1
8 679 1
8 721 2
8 738 1
8 741 1
8 768 1
8 799 1
8 815 4
8 846 1
8 854 1
8 926 1
8 932 1
8 993 1
8 1115 1
8 1226 1
8 1286 1
8 1375 1
8 1490 1
8 1498 1
8 1500 1
8 1523 1
8 1534 1
8 1556 8
8 1616 1
8 1703 1
8 1705 1
8 1921 1
8 1965 1
8 2082 1
8 2171 1
8 2240 1
8 2262 1
9 1 3
9 8 1
9 12 1
9 13 2
9 21 1
9 25 1
9 28 1
9 32 1
9 35 1
9 43 2
9 44 2
9 48 1
9 78 1
9 83 1
9 88 1
9 98 1
9 114 2
9 136 1
9 140 1
9 143 1
9 153 1
9 211 1
9 216 1
9 267 1
9 306 1
9 312 1
9 323 1
9 330 1
9 351 1
9 366 1
9 390 1
9 439 1
9 485 1
9 489 1
9 555 1
9 627 1
9 641 1
9 772 1
9 871 1
9 887 2
9 940 1
9 991 1
9 1064 1
9 1091 4
9 1093 1
9 1094 1
9 1191 1
9 1207 1
9 1220 1
9 1319 1
9 1323 1
9 1337 1
9 1355 1
9 1357 1
9 1375 1
9 1824 1
9 1916 1
9 2287 1
9 2292 5
10 3 1
10 5 9
10 50 2
10 60 1
10 64 1
10 71 1
10 76 1
10 114 2
10 118 1
10 134 1
10 139 1
10 143 1
10 148 2
10 161 3
10 172 1
10 189 1
10 197 1
10 205 1
10 207 1
10 218 1
10 221 1
10 224 1
10 238 1
10 240 1
10 249 4
10 254 3
10 287 2
10 293 1
10 306 2
10 319 1
10 357 3
10 366 4
10 405 1
10 428 1
10 451 1
10 507 1
10 568 2
10 618 1
10 623 1
10 635 1
10 638 4
10 709 3
10 718 1
10 853 2
10 910 1
10 947 1
10 982 1
10 1094 1
10 1200 1
10 1274 1
10 1307 1
10 1696 1
10 1881 1
10 1916 1
11 1 3
11 5 1
11 25 1
11 32 2
11 41 1
11 90 1
11 101 1
11 140 1
11 192 1
11 197 1
11 263 1
11 265 1
11 292 1
11 308 1
11 326 1
11 489 1
11 509 1
11 520 1
11 558 1
11 586 1
11 632 1
11 673 1
11 684 1
11 694 1
11 713 1
11 809 1
11 1091 1
11 1175 1
11 1205 1
11 2292 1
11 2372 1
12 5 1
12 16 1
12 41 1
12 50 1
12 114 1
12 118 1
12 189 1
12 208 1
12 213 1
12 214 1
12 736 1
12 1207 1
12 1681 1
12 2237 1
13 1 1
13 5 3
13 50 2
13 54 1
13 67 1
13 114 2
13 254 1
13 293 1
13 294 1
13 310 1
13 322 1
13 344 1
13 366 1
13 422 1
13 533 1
13 598 1
13 612 1
13 687 1
13 785 1
13 973 1
13 1054 1
13 1145 1
13 1264 1
13 1659 1
13 1916 1
13 2140 1
13 2232 1
13 2292 1
13 2388 1
14 56 1
14 68 1
14 109 1
14 114 1
14 140 2
14 218 1
14 221 1
14 223 1
14 292 1
14 366 1
14 443 1
14 706 1
14 741 1
14 781 2
14 847 1
14 912 1
14 929 1
14 1243 1
14 1548 1
14 1552 1
14 1565 1
14 2369 1
15 1 2
15 8 3
15 13 2
15 14 1
15 19 1
15 32 1
15 41 1
15 43 1
15 44 1
15 49 2
15 50 2
15 55 1
15 56 5
15 57 1
15 67 1
15 78 1
15 86 2
15 106 1
15 112 1
15 114 1
15 115 1
15 117 1
15 120 3
15 123 1
15 133 1
15 139 1
15 140 7
15 160 1
15 164 1
15 168 1
15 169 1
15 179 2
15 197 1
15 198 1
15 208 1
15 211 2
15 213 1
15 221 1
15 248 1
15 254 1
15 256 1
15 259 1
15 278 1
15 280 1
15 285 1
15 288 1
15 293 2
15 298 1
15 303 1
15 306 1
15 317 1
15 319 1
15 344 3
15 345 1
15 363 1
15 368 1
15 379 1
15 418 1
15 432 1
15 441 1
15 449 1
15 489 1
15 526 1
15 538 1
15 542 1
15 547 1
15 556 1
15 598 1
15 641 1
15 687 1
15 741 1
15 753 2
15 757 2
15 772 2
15 778 1
15 781 1
15 793 2
15 794 2
15 799 1
15 821 1
15 838 1
15 875 2
15 881 1
15 921 1
15 930 1
15 957 1
15 982 1
15 1000 1
15 1002 1
15 1090 4
15 1134 1
15 1150 1
15 1215 1
15 1220 1
15 1225 1
15 1241 1
15 1260 1
15 1282 1
15 1390 1
15 1542 1
15 1547 1
15 1570 1
15 1638 1
15 1722 1
15 1825 1
15 1878 1
15 2071 1
15 2115 1
15 2479 1
16 5 1
16 9 1
16 17 1
16 49 2
16 85 1
16 106 1
16 197 2
16 214 1
16 333 1
16 388 2
16 401 1
16 405 1
16 408 2
16 430 1
16 504 1
16 514 2
16 678 1
16 1131 1
16 1148 1
16 1562 1
16 1643 1
16 2449 1
17 1 6
17 13 1
17 25 1
17 27 1
17 41 1
17 50 1
17 52 2
17 58 1
17 60 2
17 70 1
17 82 1
17 90 3
17 120 1
17 139 3
17 151 1
17 168 1
17 174 1
17 197 7
17 206 1
17 209 3
17 214 1
17 220 1
17 224 5
17 235 1
17 249 1
17 259 1
17 286 1
17 299 1
17 317 1
17 333 1
17 354 1
17 370 1
17 390 1
17 422 1
17 428 1
17 432 1
17 453 1
17 494 1
17 514 1
17 534 3
17 617 1
17 631 1
17 635 1
17 666 1
17 674 2
17 699 2
17 706 1
17 718 1
17 752 1
17 784 2
17 832 1
17 851 1
17 867 1
17 904 1
17 935 1
17 936 2
17 939 1
17 958 1
17 987 1
17 988 1
17 993 1
17 997 1
17 1042 1
17 1091 1
17 1116 1
17 1131 1
17 1385 1
17 1576 1
17 1673 2
17 1740 1
17 1810 1
17 1839 2
17 1850 2
17 1860 1
17 1964 3
17 2111 1
17 2128 1
17 2131 1
17 2199 2
17 2231 4
17 2291 1
17 2419 1
17 2481 1
18 1 1
18 5 1
18 7 1
18 13 1
18 44 1
18 52 1
18 114 2
18 123 1
18 133 1
18 154 1
18 194 1
18 200 1
18 246 1
18 254 3
18 268 1
18 303 1
18 313 1
18 334 2
18 366 1
18 415 1
18 515 1
18 614 1
18 736 1
18 772 1
18 939 1
18 1008 1
18 1066 1
18 1077 1
18 1395 1
18 1543 1
18 1547 1
19 15 2
19 31 1
19 151 1
19 214 1
19 785 1
19 910 1
19 1221 1
19 1439 1
19 2082 1
20 15 2
20 25 1
20 49 2
20 54 2
20 56 1
20 57 1
20 68 4
20 117 1
20 123 1
20 126 1
20 141 1
20 214 1
20 363 1
20 379 1
20 449 1
20 561 1
20 778 1
20 881 1
20 1028 1
20 1439 1
20 1527 1
20 1564 1
21 1 1
21 21 3
21 32 1
21 50 2
21 54 2
21 148 1
21 206 1
21 214 1
21 237 1
21 285 1
21 369 1
21 410 1
21 593 1
21 601 1
21 646 1
21 867 1
21 932 1
21 1091 2
21 1375 2
21 1386 1
21 1425 1
21 1557 1
21 2020 1
21 2158 1
21 2292 3
22 10 2
22 13 1
22 19 1
22 31 1
22 54 1
22 67 2
22 74 1
22 80 1
22 83 1
22 94 1
22 118 1
22 132 1
22 135 1
22 146 1
22 156 1
22 163 1
22 168 1
22 187 1
22 193 3
22 209 1
22 225 2
22 237 1
22 254 1
22 260 1
22 381 1
22 473 4
22 496 1
22 636 1
22 708 1
22 733 1
22 737 1
22 827 1
22 912 1
22 1011 1
22 1212 1
22 1242 1
22 2005 1
22 2165 2
22 2168 2
22 2172 1
22 2465 1
22 2474 1
23 1 3
23 13 1
23 27 1
23 32 2
23 43 2
23 44 3
23 54 2
23 67 1
23 112 1
23 118 1
23 132 1
23 139 1
23 151 1
23 168 1
23 184 1
23 192 1
23 193 1
23 214 1
23 228 1
23 293 1
23 306 1
23 410 1
23 483 1
23 523 2
23 721 4
23 894 1
23 910 1
23 960 5
23 1026 1
23 1113 1
23 1201 1
23 1364 1
23 1439 1
23 1516 1
23 1961 1
23 2092 1
23 2134 3
24 1 1
24 11 1
24 30 1
24 38 1
24 79 1
24 94 1
24 99 1
24 133 1
24 201 1
24 240 1
24 347 1
24 360 1
24 401 1
24 441 1
24 486 2
24 558 1
24 630 4
24 684 1
24 735 1
24 791 1
24 922 1
24 973 1
24 1376 1
24 2284 1
25 1 7
25 5 2
25 8 2
25 13 3
25 15 1
25 17 1
25 18 2
25 23 1
25 25 5
25 28 1
25 29 1
25 30 1
25 33 1
25 35 4
25 39 1
25 41 7
25 44 1
25 49 2
25 54 2
25 57 1
25 68 2
25 69 2
25 70 2
25 71 1
25 75 1
25 77 3
25 78 1
25 82 1
25 83 1
25 84 1
25 85 1
25 86 2
25 101 1
25 105 1
25 107 1
25 114 1
25 115 1
25 117 2
25 118 4
25 120 2
25 123 1
25 125 1
25 126 1
25 131 1
25 138 1
25 140 1
25 143 1
25 152 1
25 154 1
25 155 1
25 156 2
25 159 1
25 164 1
25 166 3
25 168 2
25 171 1
25 182 2
25 193 2
25 202 1
25 207 1
25 212 1
25 214 1
25 217 1
25 221 2
25 225 1
25 228 2
25 235 1
25 240 1
25 243 1
25 246 3
25 259 1
25 260 1
25 267 1
25 280 1
25 285 1
25 290 1
25 292 1
25 293 2
25 306 2
25 311 1
25 313 1
25 317 1
25 318 1
25 319 3
25 323 1
25 327 1
25 334 2
25 336 2
25 337 1
25 341 1
25 346 1
25 347 19
25 350 1
25 351 1
25 354 1
25 360 1
25 363 6
25 364 2
25 365 1
25 368 1
25 370 1
25 378 1
25 379 1
25 381 2
25 382 1
25 389 5
25 390 4
25 395 1
25 400 1
25 406 1
25 417 1
25 420 1
25 428 5
25 439 1
25 443 1
25 445 1
25 446 1
25 449 1
25 451 1
25 453 1
25 457 1
25 469 1
25 472 1
25 474 1
25 485 2
25 492 1
25 501 1
25 507 2
25 510 1
25 512 1
25 525 2
25 538 2
25 540 1
25 542 1
25 545 3
25 564 2
25 568 1
25 575 1
25 580 2
25 582 2
25 588 1
25 589 1
25 591 2
25 602 2
25 614 1
25 623 1
25 629 1
25 662 1
25 668 1
25 678 2
25 681 1
25 690 1
25 694 1
25 698 1
25 699 1
25 705 1
25 706 1
25 709 1
25 710 1
25 711 1
25 712 1
25 716 7
25 718 2
25 725 3
25 726 1
25 752 1
25 755 2
25 766 1
25 772 1
25 778 1
25 794 1
25 844 1
25 854 1
25 860 1
25 864 2
25 867 2
25 879 21
25 881 1
25 904 1
25 910 1
25 921 1
25 923 1
25 932 1
25 935 2
25 939 1
25 940 1
25 953 2
25 966 1
25 973 1
25 980 1
25 983 1
25 991 2
25 992 1
25 995 3
25 1002 3
25 1006 1
25 1032 1
25 1047 3
25 1073 2
25 1092 1
25 1097 1
25 1098 3
25 1114 1
25 1116 1
25 1152 1
25 1191 1
25 1194 1
25 1205 1
25 1213 1
25 1217 1
25 1242 1
25 1243 1
25 1274 1
25 1303 1
25 1323 1
25 1339 1
25 1347 1
25 1370 1
25 1375 4
25 1401 1
25 1439 1
25 1441 1
25 1447 1
25 1454 1
25 1462 2
25 1476 1
25 1490 1
25 1497 1
25 1504 1
25 1537 1
25 1587 1
25 1602 1
25 1606 1
25 1656 1
25 1760 1
25 1761 1
25 1830 2
25 1833 19
25 1839 2
25 1879 2
25 1886 1
25 1906 1
25 1917 1
25 1950 1
25 1961 1
25 2067 1
25 2078 1
25 2118 1
25 2133 1
25 2134 1
25 2150 1
25 2155 1
25 2158 1
25 2223 1
25 2280 1
25 2304 2
25 2323 1
25 2348 1
25 2405 1
25 2471 1
26 1 5
26 4 4
26 5 19
26 12 1
26 13 3
26 21 2
26 25 2
26 30 1
26 32 3
26 35 2
26 45 1
26 50 2
26 52 1
26 53 1
26 58 1
26 60 2
26 62 1
26 68 3
26 70 1
26 78 2
26 79 1
26 85 1
26 86 2
26 89 1
26 95 1
26 102 1
26 105 1
26 108 1
26 110 1
26 112 3
26 118 2
26 125 5
26 132 2
26 134 2
26 144 1
26 151 1
26 158 1
26 168 1
26 176 1
26 182 1
26 184 1
26 192 1
26 206 1
26 211 1
26 214 1
26 217 1
26 218 3
26 260 1
26 261 1
26 268 1
26 278 1
26 282 6
26 285 2
26 292 1
26 294 1
26 303 1
26 310 1
26 317 3
26 320 1
26 323 4
26 330 1
26 331 1
26 332 1
26 333 1
26 351 1
26 353 1
26 360 1
26 363 1
26 369 1
26 370 1
26 381 1
26 397 2
26 399 1
26 414 1
26 431 2
26 434 1
26 438 1
26 469 1
26 474 1
26 486 1
26 487 1
26 489 1
26 499 1
26 504 1
26 512 2
26 537 2
26 538 1
26 541 1
26 558 1
26 586 1
26 591 1
26 595 1
26 600 5
26 607 1
26 629 1
26 690 3
26 699 1
26 700 1
26 709 1
26 771 1
26 782 1
26 783 8
26 809 1
26 819 3
26 837 1
26 861 2
26 878 1
26 879 1
26 888 1
26 910 1
26 927 1
26 942 1
26 945 1
26 956 1
26 971 1
26 973 2
26 1017 3
26 1028 1
26 1035 1
26 1041 1
26 1047 1
26 1054 1
26 1095 1
26 1116 2
26 1151 1
26 1162 4
26 1174 1
26 1181 1
26 1203 1
26 1205 1
26 1207 1
26 1226 3
26 1231 2
26 1235 2
26 1241 1
26 1251 5
26 1301 1
26 1304 1
26 1306 2
26 1357 1
26 1370 1
26 1430 1
26 1469 1
26 1559 4
26 1588 4
26 1611 1
26 1627 1
26 1684 1
26 1696 1
26 1740 1
26 1744 1
26 1843 1
26 1881 1
26 1882 1
26 1891 2
26 1913 1
26 1916 1
26 1958 1
26 2109 1
26 2172 1
26 2193 1
26 2277 6
26 2327 1
26 2366 1
26 2372 1
26 2379 3
26 2490 2
27 1 2
27 5 3
27 9 19
27 11 2
27 12 1
27 14 3
27 15 4
27 20 18
27 28 4
27 31 2
27 32 21
27 36 4
27 37 12
27 45 1
27 49 2
27 65 1
27 72 3
27 77 1
27 79 12
27 81 1
27 84 1
27 95 2
27 100 1
27 106 1
27 107 2
27 109 6
27 114 1
27 118 1
27 124 4
27 139 2
27 143 3
27 144 3
27 148 1
27 155 1
27 165 1
27 196 8
27 201 2
27 206 2
27 230 6
27 238 11
27 254 1
27 256 1
27 273 1
27 311 2
27 317 1
27 339 1
27 346 1
27 360 4
27 369 2
27 374 1
27 380 4
27 384 2
27 388 1
27 392 1
27 402 4
27 405 1
27 417 1
27 466 2
27 477 1
27 493 1
27 519 1
27 537 1
27 558 1
27 568 2
27 575 1
27 599 22
27 631 1
27 646 1
27 652 1
27 657 2
27 661 1
27 714 1
27 733 2
27 736 1
27 784 1
27 794 1
27 800 2
27 831 1
27 833 1
27 837 1
27 840 1
27 932 1
27 1016 2
27 1053 4
27 1082 1
27 1087 2
27 1131 1
27 1220 1
27 1260 1
27 1315 2
27 1460 2
27 1535 1
27 1564 2
27 1568 1
27 1584 2
27 1591 2
27 1608 1
27 1648 3
27 1687 1
27 1705 1
27 1708 1
27 1850 1
27 1928 2
27 1941 2
27 1968 1
27 2127 6
27 2212 1
27 2239 2
27 2296 1
27 2349 4
27 2474 4
28 1 6
28 4 1
28 5 1
28 12 1
28 13 1
28 14 1
28 15 1
28 16 1
28 19 4
28 33 1
28 41 2
28 56 1
28 60 3
28 69 1
28 71 1
28 79 1
28 82 1
28 85 1
28 90 2
28 95 1
28 103 1
28 106 1
28 120 1
28 131 1
28 140 1
28 151 2
28 155 1
28 161 1
28 167 1
28 179 2
28 182 2
28 189 1
28 192 2
28 204 3
28 206 1
28 209 1
28 213 1
28 244 1
28 251 1
28 253 2
28 258 1
28 262 2
28 286 1
28 287 2
28 294 1
28 317 1
28 336 1
28 337 1
28 345 1
28 360 1
28 364 3
28 369 1
28 392 1
28 405 2
28 436 1
28 451 1
28 467 1
28 480 1
28 485 1
28 486 2
28 489 1
28 491 1
28 513 1
28 562 1
28 569 1
28 581 1
28 684 2
28 707 2
28 724 1
28 736 1
28 743 1
28 755 1
28 772 1
28 832 1
28 910 1
28 917 1
28 929 1
28 960 1
28 968 2
28 976 1
28 982 1
28 984 1
28 1008 1
28 1014 1
28 1035 1
28 1039 1
28 1042 1
28 1061 9
28 1063 1
28 1073 1
28 1255 1
28 1325 1
28 1397 1
28 1421 1
28 1425 1
28 1428 1
28 1460 1
28 1495 1
28 1520 1
28 1528 1
28 1553 1
28 1557 1
28 1570 2
28 1661 1
28 1706 1
28 1732 3
28 1755 1
28 1794 1
28 1806 1
28 1813 2
28 1830 1
28 2079 1
28 2102 1
28 2205 1
28 2245 1
28 2370 1
29 4 2
29 13 2
29 17 1
29 27 1
29 29 1
29 49 1
29 68 1
29 70 1
29 76 1
29 112 1
29 132 1
29 134 1
29 158 1
29 168 2
29 189 3
29 200 1
29 206 1
29 214 1
29 254 1
29 288 1
29 318 2
29 331 1
29 439 1
29 473 2
29 528 2
29 556 1
29 607 1
29 630 1
29 633 1
29 636 3
29 643 2
29 649 1
29 699 1
29 709 1
29 827 1
29 853 1
29 867 1
29 872 1
29 1021 1
29 1119 1
29 1329 3
29 1349 1
29 1641 1
29 1778 1
29 1792 2
29 1912 1
29 2134 4
29 2259 1
29 2370 1
29 2377 1
29 2378 1
30 1 1
30 3 1
30 5 7
30 9 4
30 11 1
30 17 1
30 26 3
30 29 1
30 30 1
30 32 7
30 33 1
30 35 1
30 42 1
30 46 7
30 48 1
30 53 1
30 54 2
30 58 1
30 64 1
30 71 2
30 76 1
30 80 1
30 82 1
30 84 2
30 96 3
30 102 1
30 105 1
30 122 1
30 130 1
30 137 1
30 138 2
30 143 3
30 148 1
30 165 2
30 172 1
30 179 1
30 184 3
30 188 1
30 190 1
30 198 1
30 205 1
30 223 2
30 224 1
30 235 1
30 238 1
30 241 1
30 242 2
30 245 1
30 249 1
30 257 2
30 261 1
30 281 2
30 294 1
30 337 1
30 344 1
30 346 1
30 357 1
30 360 1
30 368 1
30 373 1
30 386 1
30 398 1
30 412 1
30 422 1
30 424 1
30 441 2
30 448 1
30 459 2
30 462 1
30 475 1
30 501 1
30 519 6
30 564 1
30 621 1
30 629 1
30 635 1
30 662 1
30 678 1
30 687 1
30 700 1
30 703 1
30 721 2
30 725 1
30 731 1
30 745 1
30 761 1
30 763 1
30 803 1
30 817 1
30 831 2
30 844 1
30 849 1
30 882 1
30 888 3
30 898 1
30 933 4
30 935 1
30 947 1
30 951 1
30 973 1
30 993 1
30 1071 1
30 1104 1
30 1170 1
30 1220 1
30 1225 1
30 1255 1
30 1268 1
30 1271 1
30 1295 1
30 1316 1
30 1417 1
30 1442 1
30 1451 1
30 1483 1
30 1497 2
30 1511 1
30 1672 1
30 1693 1
30 1729 1
30 1766 2
30 1885 1
30 1926 1
30 1980 1
30 2376 2
30 2433 1
30 2482 1
31 5 3
31 9 2
31 10 1
31 16 1
31 19 1
31 32 1
31 54 1
31 69 1
31 71 2
31 72 1
31 76 1
31 107 1
31 143 2
31 167 2
31 184 1
31 235 1
31 237 1
31 238 1
31 249 2
31 254 1
31 288 1
31 333 1
31 354 1
31 364 1
31 469 1
31 475 1
31 539 1
31 541 1
31 587 1
31 634 1
31 709 1
31 722 1
31 749 1
31 779 1
31 800 1
31 825 1
31 839 2
31 992 3
31 1003 1
31 1071 1
31 1148 1
31 1161 1
31 1223 5
31 1513 1
31 1533 1
31 1627 1
31 2070 1
31 2239 2
31 2299 1
31 2440 1
32 1 1
32 2 1
32 3 1
32 5 8
32 9 3
32 10 1
32 11 1
32 13 1
32 16 1
32 17 1
32 19 2
32 32 4
32 48 1
32 49 1
32 54 1
32 55 1
32 79 2
32 85 1
32 106 1
32 110 1
32 113 1
32 129 1
32 143 1
32 144 1
32 158 1
32 167 1
32 181 1
32 197 1
32 220 1
32 235 2
32 237 4
32 238 1
32 243 2
32 246 1
32 249 6
32 251 1
32 259 2
32 289 1
32 290 1
32 303 1
32 333 1
32 336 1
32 337 1
32 354 2
32 356 1
32 360 1
32 369 1
32 399 1
32 405 1
32 412 1
32 417 1
32 426 1
32 447 1
32 483 2
32 485 1
32 541 1
32 548 1
32 567 1
32 602 1
32 655 1
32 656 1
32 663 1
32 687 1
32 728 1
32 746 1
32 757 1
32 777 1
32 800 2
32 839 2
32 992 8
32 1008 1
32 1105 1
32 1140 1
32 1148 1
32 1223 1
32 1317 2
32 1373 1
32 1386 1
32 1600 6
32 1609 1
32 1667 3
32 1779 1
32 1787 1
32 1814 1
32 1827 1
32 1958 1
32 2209 1
32 2350 1
32 2440 1
33 1 9
33 4 1
33 5 9
33 8 14
33 12 3
33 13 4
33 19 1
33 21 6
33 25 2
33 26 3
33 27 2
33 28 3
33 29 3
33 32 3
33 33 1
33 35 1
33 38 1
33 43 1
33 44 2
33 45 2
33 54 1
33 55 1
33 56 5
33 57 4
33 60 4
33 67 2
33 68 5
33 69 3
33 75 2
33 76 2
33 78 4
33 84 1
33 86 1
33 87 1
33 95 4
33 102 2
33 105 3
33 106 1
33 113 1
33 115 2
33 117 1
33 118 1
33 120 1
33 130 2
33 131 2
33 133 4
33 135 6
33 137 2
33 141 1
33 143 11
33 148 4
33 150 2
33 154 1
33 155 1
33 158 2
33 164 2
33 167 2
33 171 3
33 172 1
33 174 1
33 179 1
33 181 1
33 184 2
33 195 1
33 207 1
33 213 1
33 214 1
33 216 1
33 221 1
33 228 2
33 236 1
33 237 2
33 238 1
33 246 2
33 254 3
33 257 1
33 262 1
33 263 16
33 265 1
33 272 1
33 273 26
33 278 2
33 285 1
33 287 3
33 289 1
33 299 1
33 306 1
33 307 1
33 308 1
33 324 3
33 328 1
33 329 1
33 332 1
33 334 3
33 335 2
33 337 1
33 344 1
33 347 3
33 349 2
33 350 2
33 351 1
33 357 1
33 358 1
33 359 1
33 369 1
33 371 1
33 379 1
33 381 9
33 383 1
33 398 3
33 399 2
33 400 2
33 406 1
33 411 1
33 414 2
33 432 2
33 439 2
33 443 1
33 445 1
33 461 1
33 462 1
33 463 1
33 474 1
33 479 1
33 481 1
33 485 2
33 491 1
33 492 1
33 496 1
33 510 1
33 512 6
33 514 1
33 521 1
33 527 1
33 530 1
33 532 1
33 538 2
33 539 3
33 540 2
33 542 1
33 556 1
33 563 1
33 567 3
33 571 1
33 575 1
33 580 1
33 581 1
33 587 1
33 595 3
33 598 1
33 601 1
33 610 1
33 612 1
33 617 3
33 619 1
33 623 1
33 633 1
33 646 1
33 662 3
33 679 1
33 684 1
33 687 1
33 689 1
33 690 3
33 704 2
33 705 2
33 710 1
33 721 1
33 731 2
33 752 1
33 758 1
33 777 1
33 779 1
33 781 1
33 789 1
33 800 1
33 802 1
33 803 6
33 809 1
33 811 1
33 819 1
33 837 1
33 846 2
33 851 1
33 863 1
33 872 1
33 876 1
33 877 1
33 891 1
33 897 1
33 913 2
33 932 2
33 935 1
33 948 1
33 954 1
33 959 2
33 961 1
33 970 1
33 981 2
33 991 1
33 996 1
33 1019 1
33 1021 1
33 1057 2
33 1069 1
33 1094 1
33 1097 1
33 1101 1
33 1104 1
33 1105 1
33 1162 1
33 1174 2
33 1175 7
33 1178 6
33 1181 2
33 1184 1
33 1185 1
33 1215 1
33 1225 1
33 1238 1
33 1242 2
33 1257 1
33 1264 2
33 1269 1
33 1304 2
33 1308 6
33 1318 1
33 1334 1
33 1348 5
33 1364 1
33 1369 1
33 1381 1
33 1417 2
33 1421 1
33 1431 2
33 1475 2
33 1481 2
33 1553 2
33 1560 1
33 1606 1
33 1612 3
33 1645 1
33 1681 1
33 1683 1
33 1689 1
33 1723 1
33 1757 1
33 1766 1
33 1833 1
33 1839 1
33 1879 2
33 1896 1
33 1913 1
33 1917 2
33 1945 1
33 1966 2
33 2020 1
33 2021 1
33 2100 1
33 2158 1
33 2250 1
33 2316 1
33 2325 1
33 2356 2
33 2377 1
33 2460 1
33 2475 1
33 2490 1
34 1 5
34 4 6
34 5 19
34 9 4
34 12 1
34 14 1
34 21 1
34 27 3
34 32 3
34 34 1
34 41 1
34 44 1
34 45 1
34 50 1
34 52 1
34 54 1
34 60 2
34 68 5
34 72 1
34 74 1
34 85 1
34 86 2
34 90 1
34 92 1
34 94 3
34 101 2
34 106 1
34 108 1
34 109 2
34 111 2
34 115 1
34 118 2
34 125 10
34 132 3
34 134 2
34 135 1
34 139 2
34 148 8
34 155 1
34 156 2
34 158 1
34 162 4
34 164 1
34 168 2
34 169 1
34 172 1
34 174 3
34 183 1
34 193 3
34 208 1
34 213 1
34 218 5
34 221 4
34 224 2
34 228 1
34 230 1
34 235 1
34 243 1
34 244 2
34 248 1
34 259 1
34 278 1
34 285 3
34 288 1
34 289 2
34 301 1
34 310 1
34 317 1
34 320 1
34 323 1
34 331 1
34 333 2
34 334 1
34 343 1
34 355 2
34 360 1
34 363 1
34 365 1
34 367 2
34 369 2
34 370 1
34 380 1
34 403 1
34 426 1
34 450 2
34 487 1
34 493 2
34 509 1
34 519 1
34 542 1
34 554 1
34 561 3
34 588 1
34 590 1
34 592 3
34 600 6
34 602 1
34 619 5
34 641 1
34 643 3
34 645 3
34 653 2
34 656 2
34 657 1
34 661 1
34 664 5
34 666 1
34 671 2
34 672 2
34 709 1
34 725 1
34 728 1
34 738 1
34 748 1
34 749 1
34 768 2
34 776 2
34 779 1
34 781 1
34 783 13
34 798 1
34 800 1
34 803 1
34 804 1
34 809 1
34 814 1
34 819 2
34 846 1
34 858 1
34 861 1
34 888 1
34 894 1
34 895 2
34 905 1
34 916 1
34 942 1
34 945 6
34 961 1
34 967 1
34 980 2
34 981 1
34 1010 1
34 1017 3
34 1019 1
34 1024 3
34 1028 1
34 1039 1
34 1042 1
34 1057 1
34 1085 1
34 1088 3
34 1096 3
34 1097 1
34 1116 1
34 1127 1
34 1162 1
34 1177 2
34 1181 2
34 1184 1
34 1203 1
34 1208 2
34 1211 1
34 1224 1
34 1247 1
34 1249 1
34 1251 2
34 1261 1
34 1264 1
34 1271 2
34 1277 1
34 1302 1
34 1303 1
34 1326 1
34 1336 2
34 1360 1
34 1381 1
34 1387 5
34 1388 1
34 1394 1
34 1418 1
34 1451 3
34 1482 1
34 1504 2
34 1519 1
34 1530 1
34 1547 1
34 1559 8
34 1581 2
34 1601 1
34 1611 1
34 1616 1
34 1630 2
34 1662 1
34 1678 1
34 1684 1
34 1690 1
34 1723 1
34 1743 2
34 1747 1
34 1793 1
34 1813 1
34 1850 2
34 1881 1
34 1891 4
34 1913 1
34 1946 1
34 2010 1
34 2020 1
34 2083 1
34 2111 1
34 2236 1
34 2273 1
34 2277 1
34 2324 1
34 2338 1
34 2357 1
34 2379 8
34 2449 1
34 2463 1
35 1 1
35 5 5
35 16 1
35 45 1
35 49 1
35 50 1
35 52 1
35 54 1
35 60 1
35 69 2
35 86 1
35 120 1
35 124 1
35 151 2
35 168 1
35 183 1
35 206 2
35 208 1
35 211 1
35 254 1
35 267 1
35 306 1
35 375 1
35 390 1
35 482 1
35 504 1
35 538 1
35 623 1
35 631 1
35 678 1
35 690 1
35 699 1
35 814 1
35 818 1
35 823 1
35 872 1
35 983 1
35 992 2
35 1042 1
35 1092 1
35 1107 1
35 1124 1
35 1152 1
35 1217 1
35 1231 1
35 1573 1
35 1866 1
35 2062 1
35 2286 1
36 2 2
36 5 5
36 13 2
36 15 1
36 19 1
36 26 1
36 32 1
36 33 1
36 35 1
36 41 1
36 49 2
36 54 1
36 69 1
36 73 2
36 79 1
36 82 1
36 95 1
36 97 1
36 107 1
36 110 1
36 114 1
36 120 1
36 143 4
36 148 3
36 158 1
36 161 1
36 200 1
36 212 1
36 225 1
36 254 1
36 257 1
36 265 1
36 273 2
36 274 1
36 277 1
36 306 1
36 322 1
36 323 1
36 327 1
36 333 1
36 351 2
36 415 1
36 416 3
36 422 1
36 431 1
36 469 2
36 479 1
36 633 1
36 740 1
36 748 2
36 789 1
36 809 1
36 814 1
36 825 4
36 873 1
36 976 1
36 1006 1
36 1008 1
36 1019 2
36 1083 1
36 1086 1
36 1140 1
36 1147 1
36 1153 1
36 1191 1
36 1201 1
36 1226 2
36 1255 1
36 1284 1
36 1490 1
36 1499 1
36 1593 3
36 1597 1
36 1739 1
36 1927 1
36 1945 1
36 1948 1
36 2144 1
36 2425 1
37 1 3
37 4 1
37 5 5
37 9 1
37 13 1
37 15 1
37 16 1
37 27 5
37 30 4
37 34 1
37 45 1
37 68 1
37 106 1
37 112 1
37 143 1
37 148 1
37 151 1
37 168 1
37 174 5
37 214 1
37 230 1
37 265 2
37 282 2
37 291 1
37 303 1
37 317 1
37 354 1
37 356 1
37 381 1
37 405 1
37 414 1
37 431 1
37 483 1
37 513 2
37 514 1
37 585 1
37 658 2
37 673 1
37 755 1
37 779 3
37 887 2
37 904 1
37 963 1
37 964 1
37 1023 1
37 1063 1
37 1121 1
37 1212 1
37 1242 1
37 1251 1
37 1302 3
37 1303 1
37 1671 1
37 1752 1
37 1825 1
37 1850 1
37 1878 1
37 2118 1
37 2131 1
37 2231 1
37 2446 2
38 1 50
38 2 3
38 4 2
38 9 1
38 10 1
38 12 1
38 13 2
38 14 2
38 15 1
38 19 1
38 21 1
38 22 1
38 24 2
38 25 12
38 27 1
38 29 2
38 30 5
38 35 1
38 43 1
38 44 9
38 45 5
38 49 1
38 52 2
38 67 1
38 68 23
38 76 3
38 78 6
38 83 3
38 84 1
38 91 3
38 92 1
38 94 6
38 97 1
38 100 1
38 107 14
38 111 39
38 112 1
38 114 1
38 115 4
38 117 1
38 118 2
38 125 2
38 127 1
38 132 7
38 133 5
38 137 12
38 146 1
38 151 1
38 155 1
38 157 1
38 160 1
38 166 1
38 168 3
38 169 1
38 174 4
38 182 1
38 184 4
38 189 4
38 201 1
38 203 2
38 206 1
38 207 1
38 209 1
38 216 1
38 220 1
38 224 1
38 228 3
38 235 1
38 239 1
38 241 1
38 243 1
38 254 1
38 261 1
38 267 2
38 268 1
38 271 1
38 278 2
38 287 1
38 291 3
38 293 1
38 308 8
38 310 2
38 313 3
38 320 2
38 327 1
38 332 1
38 334 1
38 336 1
38 347 2
38 348 2
38 359 1
38 364 1
38 366 1
38 370 2
38 371 1
38 372 1
38 382 2
38 383 1
38 384 1
38 387 1
38 389 2
38 391 1
38 403 2
38 411 1
38 414 2
38 415 1
38 417 1
38 431 1
38 434 1
38 435 2
38 436 1
38 438 2
38 439 1
38 442 1
38 462 2
38 469 1
38 472 1
38 474 4
38 482 2
38 487 2
38 492 2
38 501 1
38 502 1
38 504 1
38 515 1
38 541 1
38 542 1
38 548 10
38 551 1
38 555 1
38 563 1
38 566 1
38 569 1
38 585 5
38 588 1
38 591 4
38 592 1
38 593 1
38 594 1
38 598 7
38 601 1
38 604 1
38 607 1
38 629 1
38 633 1
38 638 1
38 657 1
38 689 2
38 690 2
38 699 4
38 711 1
38 718 1
38 722 1
38 726 1
38 737 1
38 740 1
38 755 1
38 759 1
38 772 2
38 798 3
38 814 1
38 823 2
38 827 1
38 846 1
38 853 1
38 856 1
38 857 1
38 867 2
38 869 1
38 876 1
38 887 2
38 905 1
38 910 1
38 930 1
38 932 1
38 947 6
38 958 1
38 966 1
38 970 1
38 973 1
38 983 2
38 995 1
38 997 1
38 1056 1
38 1063 1
38 1073 1
38 1092 2
38 1121 2
38 1152 2
38 1162 1
38 1169 2
38 1173 1
38 1184 1
38 1194 1
38 1225 1
38 1245 1
38 1282 3
38 1283 1
38 1303 2
38 1311 5
38 1364 3
38 1367 1
38 1369 1
38 1374 1
38 1376 1
38 1469 1
38 1480 1
38 1487 1
38 1506 1
38 1517 1
38 1563 1
38 1630 1
38 1643 1
38 1646 1
38 1647 1
38 1650 2
38 1652 2
38 1669 1
38 1757 7
38 1814 1
38 1896 1
38 1908 1
38 1952 1
38 1960 1
38 1969 1
38 1977 1
38 1986 2
38 2021 1
38 2027 1
38 2038 1
38 2058 19
38 2086 1
38 2096 2
38 2118 1
38 2128 1
38 2133 1
38 2166 1
38 2176 1
38 2193 1
38 2210 1
38 2232 2
38 2235 1
38 2244 2
38 2262 1
38 2372 1
38 2388 1
38 2416 1
38 2495 4
39 4 2
39 5 4
39 7 1
39 9 1
39 12 1
39 13 1
39 14 1
39 18 1
39 19 1
39 27 1
39 32 1
39 38 1
39 41 1
39 51 2
39 68 1
39 77 1
39 96 1
39 110 2
39 132 4
39 137 1
39 140 1
39 144 1
39 148 2
39 150 3
39 156 4
39 184 1
39 192 1
39 218 1
39 220 1
39 224 3
39 237 1
39 239 1
39 267 1
39 316 4
39 335 1
39 341 1
39 375 4
39 391 4
39 406 3
39 424 1
39 484 1
39 500 1
39 504 3
39 514 3
39 515 1
39 557 2
39 574 1
39 634 3
39 643 1
39 652 1
39 664 1
39 694 1
39 701 1
39 747 1
39 759 1
39 770 1
39 775 1
39 800 1
39 805 1
39 861 1
39 898 1
39 920 1
39 1124 2
39 1127 1
39 1165 1
39 1183 1
39 1222 2
39 1235 2
39 1341 9
39 1344 1
39 1357 1
39 1358 1
39 1391 1
39 1404 1
39 1412 1
39 1420 1
39 1439 1
39 1498 1
39 1652 1
39 1659 1
39 1671 1
39 1675 3
39 1711 1
39 1767 1
39 1783 2
39 1801 2
39 1808 2
39 1932 1
39 1941 1
39 1959 1
39 2000 1
39 2033 1
39 2054 1
39 2093 1
39 2175 2
39 2309 1
39 2420 2
39 2463 1
40 1 8
40 4 1
40 5 4
40 9 1
40 13 4
40 15 3
40 25 3
40 26 3
40 27 2
40 28 1
40 30 1
40 32 1
40 33 1
40 38 1
40 44 1
40 45 1
40 49 6
40 50 1
40 52 1
40 54 1
40 67 1
40 68 18
40 69 1
40 70 1
40 78 4
40 83 3
40 86 1
40 90 3
40 94 1
40 101 1
40 102 1
40 114 1
40 115 1
40 118 1
40 120 1
40 127 1
40 143 2
40 150 1
40 152 1
40 154 1
40 164 4
40 168 3
40 171 1
40 176 1
40 184 1
40 186 1
40 189 3
40 195 1
40 201 1
40 203 1
40 207 1
40 213 2
40 221 1
40 230 1
40 235 2
40 236 3
40 238 1
40 250 1
40 254 4
40 261 1
40 267 4
40 271 2
40 273 1
40 278 1
40 285 2
40 291 2
40 301 1
40 308 1
40 309 1
40 313 1
40 317 4
40 322 1
40 323 5
40 327 1
40 330 2
40 336 1
40 347 1
40 351 1
40 355 4
40 357 1
40 365 1
40 368 1
40 369 2
40 372 1
40 375 7
40 381 1
40 390 1
40 395 2
40 398 1
40 428 4
40 439 2
40 442 1
40 444 1
40 469 1
40 474 1
40 482 1
40 492 1
40 501 1
40 502 1
40 507 3
40 510 1
40 513 1
40 515 1
40 519 1
40 528 2
40 537 1
40 542 2
40 558 1
40 582 1
40 586 1
40 588 2
40 591 2
40 598 1
40 612 1
40 617 2
40 619 1
40 625 1
40 658 1
40 687 1
40 690 2
40 694 1
40 702 1
40 710 1
40 718 1
40 726 1
40 742 1
40 768 1
40 794 2
40 802 1
40 809 4
40 838 1
40 843 1
40 851 1
40 867 1
40 905 1
40 907 1
40 913 1
40 926 1
40 945 1
40 953 1
40 971 3
40 988 1
40 1003 1
40 1008 1
40 1028 1
40 1119 14
40 1143 1
40 1172 2
40 1178 1
40 1194 1
40 1206 1
40 1208 2
40 1217 1
40 1220 1
40 1242 2
40 1269 1
40 1302 1
40 1312 1
40 1327 1
40 1376 1
40 1393 1
40 1413 1
40 1430 2
40 1443 2
40 1514 1
40 1517 4
40 1518 2
40 1537 1
40 1569 2
40 1576 1
40 1601 1
40 1625 1
40 1650 1
40 1662 1
40 1667 1
40 1689 1
40 1829 1
40 1866 1
40 1879 1
40 1896 1
40 1904 1
40 1952 2
40 2095 1
40 2118 1
40 2134 1
40 2183 1
40 2251 1
40 2279 1
40 2331 2
40 2337 1
40 2352 1
40 2414 1
40 2422 1
41 5 2
41 13 2
41 27 2
41 30 1
41 41 1
41 48 1
41 49 1
41 52 1
41 54 1
41 60 1
41 67 1
41 114 1
41 132 1
41 133 1
41 134 1
41 141 1
41 154 1
41 158 1
41 164 1
41 171 1
41 184 2
41 189 8
41 201 1
41 206 3
41 218 2
41 221 3
41 224 1
41 249 1
41 253 1
41 254 1
41 267 1
41 278 1
41 285 1
41 288 2
41 303 1
41 313 1
41 355 1
41 389 5
41 428 4
41 439 1
41 495 1
41 506 1
41 513 4
41 514 1
41 537 1
41 540 1
41 574 4
41 638 3
41 643 1
41 656 2
41 675 1
41 678 1
41 687 6
41 706 1
41 737 1
41 746 1
41 772 1
41 798 2
41 814 1
41 828 1
41 830 1
41 848 1
41 856 1
41 897 1
41 948 1
41 956 1
41 959 1
41 1047 1
41 1151 1
41 1243 1
41 1258 1
41 1268 2
41 1311 1
41 1371 1
41 1426 1
41 1430 2
41 1433 1
41 1447 1
41 1564 1
41 1793 1
41 1881 1
41 1884 1
41 1951 1
41 2020 1
41 2144 1
41 2158 1
41 2382 2
42 1 1
42 5 2
42 9 5
42 10 1
42 12 1
42 13 1
42 14 1
42 28 1
42 32 1
42 49 3
42 55 2
42 58 1
42 77 2
42 80 2
42 83 1
42 94 1
42 106 1
42 110 1
42 121 1
42 129 1
42 157 1
42 184 1
42 220 2
42 229 1
42 237 1
42 241 2
42 249 2
42 337 1
42 341 1
42 347 1
42 352 1
42 362 1
42 364 1
42 392 1
42 436 2
42 522 1
42 610 3
42 614 2
42 658 1
42 695 1
42 728 1
42 794 1
42 932 1
42 959 1
42 982 1
42 998 1
42 1023 1
42 1036 1
42 1054 1
42 1058 2
42 1148 2
42 1325 1
42 1332 2
42 1448 1
42 1484 1
42 1491 1
42 1667 2
42 1681 2
42 1705 2
42 1753 1
42 1780 2
42 1880 2
42 1961 1
42 2060 1
42 2076 1
42 2257 1
42 2498 1
43 2 2
43 5 1
43 9 2
43 10 1
43 13 1
43 21 1
43 30 1
43 32 3
43 34 1
43 38 2
43 45 1
43 48 1
43 54 1
43 71 2
43 74 1
43 83 1
43 135 1
43 143 2
43 158 1
43 172 1
43 204 1
43 237 3
43 243 1
43 259 2
43 284 1
43 346 2
43 362 1
43 364 1
43 373 1
43 374 5
43 413 1
43 436 1
43 448 3
43 490 2
43 500 1
43 506 1
43 570 1
43 581 1
43 624 1
43 634 1
43 704 2
43 722 1
43 875 1
43 1105 1
43 1134 1
43 1184 1
43 1258 1
43 1308 1
43 1341 4
43 1354 2
43 1404 1
43 1469 1
43 1480 1
43 1527 1
43 1653 1
43 1675 1
43 1722 1
43 1801 1
43 1808 1
43 1837 1
43 1932 2
43 2178 1
43 2216 1
44 1 2
44 6 1
44 12 1
44 44 2
44 49 2
44 70 1
44 86 1
44 92 1
44 99 1
44 101 1
44 109 2
44 123 3
44 127 1
44 134 1
44 139 2
44 165 1
44 197 1
44 249 3
44 257 1
44 263 1
44 265 2
44 273 2
44 349 1
44 387 1
44 424 1
44 483 1
44 514 1
44 561 1
44 640 1
44 647 1
44 666 1
44 667 3
44 701 1
44 712 1
44 768 1
44 811 1
44 869 1
44 877 1
44 932 1
44 982 1
44 993 1
44 1033 1
44 1066 1
44 1106 1
44 1308 1
44 1431 1
44 1534 1
44 1556 1
44 1579 2
44 1747 1
44 1874 1
44 1922 1
45 1 5
45 5 2
45 8 1
45 9 1
45 13 2
45 18 1
45 21 1
45 25 1
45 27 2
45 45 1
45 50 2
45 56 2
45 67 1
45 68 4
45 78 1
45 106 1
45 107 1
45 112 2
45 132 2
45 137 1
45 148 1
45 150 7
45 155 2
45 158 1
45 162 2
45 174 2
45 184 1
45 200 1
45 206 1
45 207 1
45 224 15
45 225 1
45 253 1
45 254 1
45 278 1
45 289 1
45 292 1
45 303 1
45 307 1
45 313 1
45 317 1
45 332 1
45 334 5
45 351 1
45 353 1
45 360 1
45 369 3
45 370 1
45 394 1
45 403 1
45 418 1
45 428 2
45 435 1
45 453 1
45 495 2
45 503 1
45 505 2
45 512 2
45 514 2
45 537 1
45 560 2
45 564 3
45 571 1
45 608 1
45 633 1
45 648 1
45 649 1
45 652 1
45 659 1
45 684 1
45 718 2
45 754 1
45 775 2
45 776 4
45 800 1
45 803 5
45 842 2
45 856 4
45 858 3
45 860 1
45 874 1
45 882 1
45 894 1
45 911 1
45 921 2
45 975 1
45 995 1
45 1007 1
45 1019 1
45 1048 2
45 1052 1
45 1064 1
45 1097 1
45 1129 1
45 1181 1
45 1221 3
45 1235 1
45 1242 1
45 1302 1
45 1339 1
45 1358 1
45 1386 1
45 1413 1
45 1423 2
45 1489 3
45 1520 1
45 1547 1
45 1630 4
45 1666 1
45 1723 1
45 1742 1
45 1754 1
45 1756 1
45 1813 1
45 1839 1
45 1850 1
45 1881 1
45 1900 7
45 1916 2
45 2133 1
45 2147 1
45 2165 1
45 2315 1
45 2338 1
45 2353 1
45 2378 2
45 2460 1
45 2463 3
46 1 4
46 4 3
46 5 4
46 13 1
46 14 2
46 25 1
46 27 1
46 32 1
46 43 1
46 44 1
46 56 1
46 68 3
46 69 2
46 70 1
46 78 5
46 79 1
46 83 1
46 86 1
46 101 1
46 125 2
46 132 2
46 150 4
46 155 1
46 162 1
46 168 1
46 174 2
46 206 1
46 217 2
46 218 1
46 235 1
46 236 1
46 292 1
46 299 1
46 318 1
46 319 2
46 330 1
46 342 1
46 343 1
46 353 1
46 366 1
46 370 1
46 378 1
46 403 1
46 406 2
46 422 6
46 439 1
46 462 5
46 469 1
46 488 1
46 514 1
46 524 1
46 538 1
46 569 1
46 571 1
46 600 2
46 607 1
46 617 5
46 648 1
46 649 2
46 664 1
46 690 1
46 700 3
46 706 1
46 736 1
46 746 1
46 759 1
46 775 6
46 776 2
46 803 3
46 827 1
46 846 1
46 853 1
46 856 1
46 858 2
46 879 1
46 936 1
46 953 1
46 959 1
46 961 1
46 1026 1
46 1038 3
46 1113 2
46 1177 1
46 1208 1
46 1231 1
46 1242 1
46 1264 1
46 1268 2
46 1271 1
46 1311 1
46 1411 1
46 1481 1
46 1489 1
46 1490 1
46 1507 1
46 1519 1
46 1559 1
46 1565 1
46 1628 1
46 1630 1
46 1637 3
46 1640 3
46 1662 1
46 1742 1
46 1820 1
46 1827 1
46 1855 5
46 1881 2
46 1900 3
46 2002 1
46 2049 1
46 2198 1
46 2278 1
46 2378 1
46 2388 1
46 2412 5
46 2414 2
46 2484 1
46 2491 1
47 1 2
47 5 5
47 10 1
47 13 1
47 17 1
47 21 1
47 30 1
47 44 1
47 52 2
47 60 2
47 61 1
47 79 1
47 80 1
47 94 1
47 112 2
47 114 1
47 118 1
47 131 1
47 137 1
47 143 3
47 153 1
47 160 1
47 162 2
47 168 1
47 171 1
47 207 1
47 217 1
47 236 1
47 237 1
47 249 2
47 251 1
47 259 2
47 273 1
47 278 1
47 282 1
47 285 1
47 293 1
47 296 1
47 308 1
47 313 1
47 319 1
47 324 1
47 326 1
47 330 2
47 341 2
47 342 1
47 353 2
47 361 1
47 365 1
47 366 1
47 369 1
47 381 3
47 428 2
47 435 1
47 469 1
47 495 1
47 499 1
47 506 2
47 517 1
47 527 1
47 528 1
47 538 1
47 564 1
47 591 1
47 606 1
47 617 2
47 623 1
47 633 1
47 648 1
47 678 1
47 690 1
47 700 1
47 768 1
47 775 4
47 823 1
47 842 2
47 858 3
47 867 1
47 921 1
47 971 1
47 1082 1
47 1208 1
47 1238 1
47 1242 1
47 1313 1
47 1337 1
47 1419 1
47 1429 1
47 1431 1
47 1447 1
47 1637 3
47 1742 1
47 1825 2
47 1891 1
47 1961 1
47 2111 1
47 2151 1
47 2286 1
47 2338 1
47 2425 1
47 2484 1
48 5 3
48 9 2
48 15 2
48 19 1
48 30 1
48 35 1
48 42 1
48 46 5
48 71 1
48 72 1
48 82 1
48 110 1
48 125 1
48 143 1
48 170 1
48 176 1
48 218 1
48 226 1
48 249 1
48 346 1
48 614 1
48 634 1
48 685 2
48 816 1
48 905 1
48 1051 2
48 1082 2
48 1315 1
48 1521 1
48 1522 3
48 2127 1
48 2209 1
48 2349 2
49 1 1
49 5 9
49 12 1
49 13 1
49 27 1
49 41 1
49 49 3
49 50 2
49 57 1
49 60 2
49 69 3
49 72 1
49 76 1
49 94 1
49 101 1
49 111 1
49 112 1
49 114 1
49 118 1
49 120 3
49 132 2
49 133 1
49 143 1
49 153 2
49 155 1
49 158 2
49 162 3
49 168 2
49 174 1
49 182 1
49 244 1
49 267 1
49 269 1
49 289 3
49 301 1
49 319 1
49 323 1
49 342 5
49 351 1
49 354 1
49 365 3
49 372 1
49 382 1
49 403 1
49 428 1
49 469 1
49 501 1
49 504 3
49 506 4
49 507 2
49 528 1
49 551 1
49 594 1
49 631 1
49 648 1
49 649 1
49 676 1
49 684 1
49 690 1
49 700 2
49 743 3
49 761 1
49 775 3
49 823 2
49 842 1
49 858 4
49 879 1
49 959 1
49 961 2
49 1000 1
49 1038 1
49 1088 2
49 1124 1
49 1127 1
49 1242 1
49 1271 1
49 1273 1
49 1411 1
49 1419 1
49 1435 1
49 1710 1
49 1742 2
49 1830 1
49 1900 1
49 2102 1
49 2109 1
49 2131 1
49 2414 1
49 2416 1
49 2447 1
50 1 5
50 2 1
50 5 2
50 9 1
50 15 1
50 18 1
50 19 1
50 21 1
50 26 1
50 34 1
50 40 1
50 41 2
50 49 6
50 68 1
50 86 1
50 110 1
50 130 2
50 133 1
50 156 1
50 168 1
50 173 1
50 185 1
50 213 1
50 230 1
50 254 1
50 327 1
50 332 1
50 333 1
50 336 1
50 347 1
50 351 1
50 352 1
50 354 1
50 361 2
50 413 1
50 439 1
50 503 1
50 516 1
50 525 2
50 542 6
50 566 1
50 601 1
50 620 2
50 661 3
50 699 1
50 719 1
50 755 1
50 785 1
50 846 1
50 895 1
50 910 1
50 1152 4
50 1303 1
50 1376 1
50 1655 2
50 1827 1
50 2062 1
50 2118 1
50 2208 1
50 2468 1
51 3 1
51 7 1
51 8 2
51 10 3
51 15 1
51 16 1
51 17 1
51 23 1
51 24 1
51 27 1
51 29 1
51 39 1
51 40 1
51 45 3
51 52 1
51 59 1
51 66 2
51 73 1
51 78 1
51 84 3
51 104 1
51 111 1
51 119 1
51 125 1
51 126 1
51 140 1
51 157 1
51 163 4
51 164 1
51 169 1
51 172 3
51 180 1
51 199 1
51 229 1
51 235 1
51 242 1
51 243 2
51 253 1
51 302 1
51 321 1
51 334 1
51 364 1
51 372 1
51 396 1
51 427 1
51 431 2
51 454 1
51 487 1
51 535 1
51 654 1
51 831 1
51 885 1
51 958 1
51 1048 3
51 1322 1
51 1361 2
51 1601 1
51 1871 1
51 2026 2
51 2187 1
51 2413 1
52 1 2
52 3 1
52 7 1
52 10 1
52 14 1
52 25 2
52 26 1
52 27 1
52 40 1
52 44 1
52 50 2
52 53 1
52 60 2
52 67 1
52 72 1
52 77 1
52 78 1
52 83 1
52 88 1
52 90 1
52 98 2
52 100 1
52 101 1
52 105 1
52 126 3
52 144 1
52 153 1
52 166 1
52 169 1
52 177 1
52 180 1
52 201 1
52 211 1
52 261 1
52 262 1
52 263 1
52 278 1
52 284 1
52 297 5
52 330 1
52 352 1
52 364 1
52 369 1
52 370 2
52 388 1
52 423 1
52 441 1
52 465 1
52 491 1
52 518 1
52 530 1
52 531 1
52 543 1
52 562 2
52 595 1
52 617 1
52 660 1
52 668 1
52 682 1
52 702 1
52 726 1
52 740 1
52 793 1
52 860 1
52 946 1
52 969 3
52 973 1
52 987 1
52 1004 1
52 1055 1
52 1067 1
52 1101 1
52 1140 1
52 1145 1
52 1169 3
52 1263 1
52 1309 2
52 1323 1
52 1345 1
52 1398 1
52 1400 1
52 1597 1
52 1751 1
52 1907 1
52 1926 1
53 1 1
53 7 1
53 19 1
53 23 1
53 27 1
53 28 1
53 29 1
53 30 1
53 33 1
53 43 3
53 75 2
53 90 1
53 100 1
53 119 1
53 141 1
53 212 2
53 354 1
53 557 1
53 574 1
53 677 1
53 999 1
53 1014 2
53 1035 1
53 1295 1
53 1324 1
53 1439 1
53 1525 1
53 1733 1
53 2093 4
53 2391 1
54 1 2
54 2 15
54 3 12
54 4 6
54 6 4
54 7 11
54 10 2
54 11 3
54 13 1
54 14 3
54 15 3
54 16 6
54 21 1
54 22 7
54 24 2
54 25 1
54 26 3
54 29 1
54 30 2
54 31 6
54 35 6
54 39 3
54 40 1
54 41 1
54 43 1
54 48 2
54 60 1
54 62 4
54 63 1
54 64 2
54 65 4
54 66 2
54 67 1
54 69 1
54 73 4
54 74 4
54 75 3
54 76 1
54 77 1
54 78 1
54 84 1
54 93 3
54 95 1
54 97 6
54 98 4
54 102 1
54 104 5
54 107 3
54 111 1
54 115 2
54 121 2
54 124 4
54 125 1
54 126 1
54 128 7
54 131 3
54 134 5
54 139 4
54 142 6
54 153 1
54 164 1
54 166 2
54 171 2
54 172 1
54 177 1
54 183 3
54 187 2
54 198 1
54 200 1
54 204 1
54 209 1
54 213 1
54 220 2
54 222 1
54 227 3
54 245 1
54 246 1
54 250 1
54 252 1
54 255 2
54 256 1
54 261 1
54 263 1
54 271 1
54 272 1
54 291 2
54 302 1
54 310 1
54 313 1
54 318 1
54 329 1
54 331 2
54 336 1
54 337 1
54 340 1
54 350 1
54 372 2
54 379 1
54 385 1
54 407 1
54 426 1
54 427 3
54 445 3
54 460 1
54 470 1
54 479 1
54 481 8
54 507 1
54 510 1
54 523 3
54 536 2
54 539 1
54 547 1
54 549 1
54 595 2
54 602 1
54 605 1
54 622 1
54 639 1
54 644 1
54 666 1
54 686 1
54 705 2
54 762 1
54 778 1
54 787 1
54 812 2
54 839 1
54 869 1
54 879 1
54 907 2
54 909 1
54 923 2
54 929 3
54 943 1
54 944 1
54 949 1
54 953 1
54 961 1
54 986 1
54 1025 3
54 1029 1
54 1031 1
54 1049 4
54 1100 1
54 1140 1
54 1179 1
54 1208 1
54 1216 2
54 1434 1
54 1525 1
54 1536 1
54 1552 1
54 1586 1
54 1725 1
54 1871 1
54 1906 2
54 2068 4
54 2222 1
54 2245 1
54 2265 1
54 2421 1
55 1 5
55 2 10
55 3 3
55 4 15
55 7 10
55 8 6
55 10 4
55 13 4
55 14 1
55 15 2
55 16 3
55 17 1
55 18 1
55 19 6
55 22 3
55 23 1
55 25 3
55 27 2
55 28 5
55 30 2
55 31 1
55 33 3
55 34 5
55 35 3
55 39 1
55 40 5
55 41 1
55 45 1
55 53 2
55 54 1
55 56 1
55 59 4
55 60 4
55 63 1
55 64 1
55 70 1
55 72 2
55 73 5
55 74 7
55 75 1
55 76 1
55 77 2
55 78 2
55 82 1
55 88 1
55 94 1
55 95 7
55 100 1
55 102 1
55 104 5
55 105 2
55 112 1
55 116 2
55 121 5
55 130 1
55 131 2
55 138 3
55 140 2
55 141 5
55 152 1
55 159 2
55 172 1
55 175 1
55 176 2
55 177 1
55 180 1
55 183 4
55 188 1
55 194 1
55 195 1
55 201 2
55 202 1
55 203 1
55 204 2
55 205 1
55 208 1
55 225 1
55 239 1
55 240 1
55 245 1
55 246 2
55 252 6
55 255 10
55 258 5
55 260 1
55 262 1
55 269 1
55 270 2
55 275 1
55 277 17
55 287 1
55 294 2
55 299 1
55 302 1
55 305 2
55 316 2
55 318 2
55 320 1
55 327 1
55 328 5
55 329 1
55 337 2
55 345 3
55 352 7
55 371 3
55 379 3
55 382 1
55 389 1
55 390 1
55 404 11
55 417 1
55 426 1
55 429 1
55 443 1
55 449 2
55 470 1
55 497 2
55 502 4
55 505 1
55 523 3
55 526 6
55 527 1
55 530 1
55 536 2
55 550 1
55 575 1
55 576 1
55 585 1
55 602 2
55 618 1
55 622 1
55 644 2
55 646 2
55 663 1
55 666 1
55 680 3
55 697 2
55 702 2
55 735 3
55 740 2
55 771 1
55 787 1
55 801 1
55 826 1
55 832 3
55 845 3
55 865 1
55 880 4
55 887 1
55 898 3
55 908 1
55 930 1
55 964 3
55 968 2
55 974 1
55 981 1
55 1005 3
55 1023 1
55 1029 1
55 1038 1
55 1072 1
55 1090 5
55 1113 1
55 1156 2
55 1215 1
55 1238 2
55 1270 1
55 1324 1
55 1332 3
55 1337 1
55 1345 1
55 1368 2
55 1382 1
55 1385 1
55 1438 2
55 1499 1
55 1552 1
55 1553 1
55 1628 1
55 1654 1
55 1696 1
55 1703 4
55 1811 2
55 1924 3
55 1982 1
55 2007 6
55 2053 6
55 2069 1
55 2081 1
55 2086 1
55 2116 1
55 2163 1
55 2235 1
55 2245 1
55 2255 1
55 2289 3
55 2359 4
55 2368 1
55 2370 2
55 2453 5
55 2459 3
55 2489 2
56 1 1
56 4 1
56 8 1
56 13 2
56 18 2
56 19 1
56 20 2
56 21 2
56 28 2
56 29 1
56 37 2
56 45 1
56 48 1
56 54 1
56 58 1
56 63 1
56 67 1
56 75 1
56 85 1
56 98 1
56 100 3
56 102 1
56 106 2
56 107 4
56 114 1
56 121 1
56 126 1
56 134 1
56 140 1
56 153 1
56 177 1
56 183 1
56 196 3
56 225 1
56 242 1
56 250 1
56 268 1
56 279 1
56 296 1
56 297 1
56 303 1
56 337 2
56 361 1
56 362 1
56 400 1
56 483 1
56 498 2
56 507 1
56 516 1
56 534 2
56 579 1
56 609 1
56 675 1
56 736 1
56 790 1
56 793 1
56 841 4
56 950 1
56 969 1
56 1038 1
56 1126 1
56 1153 1
56 1246 1
56 1443 1
56 1449 1
56 2346 1
56 2448 1
56 2487 1
57 1 3
57 2 1
57 3 1
57 4 4
57 6 5
57 7 1
57 8 17
57 10 4
57 12 1
57 13 1
57 15 1
57 16 1
57 18 8
57 19 2
57 21 4
57 22 2
57 24 1
57 25 1
57 26 2
57 28 1
57 29 1
57 30 1
57 40 2
57 43 1
57 44 1
57 45 1
57 47 1
57 50 1
57 56 7
57 57 7
57 58 3
57 59 1
57 66 4
57 69 1
57 70 5
57 74 3
57 76 1
57 77 2
57 78 2
57 80 2
57 85 3
57 86 1
57 94 1
57 99 2
57 102 1
57 103 1
57 113 2
57 115 2
57 118 1
57 119 7
57 120 1
57 123 1
57 124 4
57 132 1
57 133 2
57 137 1
57 140 1
57 148 1
57 149 11
57 151 1
57 152 2
57 153 1
57 155 1
57 156 1
57 159 2
57 162 4
57 166 2
57 172 1
57 186 1
57 187 1
57 203 2
57 205 1
57 206 1
57 217 4
57 222 1
57 225 3
57 227 4
57 240 3
57 247 1
57 248 3
57 249 2
57 250 1
57 252 2
57 256 1
57 266 2
57 270 2
57 280 2
57 293 1
57 310 2
57 313 1
57 320 3
57 336 1
57 350 1
57 352 1
57 362 1
57 419 1
57 443 1
57 454 2
57 470 13
57 473 2
57 479 4
57 480 1
57 496 1
57 511 1
57 539 1
57 551 1
57 555 1
57 606 1
57 621 1
57 624 1
57 643 1
57 696 1
57 698 1
57 711 1
57 728 1
57 741 1
57 750 1
57 782 1
57 807 1
57 830 1
57 848 1
57 876 1
57 879 1
57 890 1
57 929 1
57 943 7
57 965 4
57 982 1
57 996 1
57 1030 1
57 1077 1
57 1099 1
57 1171 1
57 1190 1
57 1198 1
57 1240 2
57 1277 1
57 1342 1
57 1470 1
57 1541 1
57 1552 1
57 1594 1
57 1662 2
57 1782 1
57 1813 1
57 1878 1
57 1918 2
57 1933 3
57 1953 1
57 1995 13
57 2057 1
57 2095 1
57 2148 1
57 2224 2
57 2280 1
57 2299 1
57 2334 2
58 1 2
58 2 15
58 3 12
58 4 6
58 6 4
58 7 11
58 10 2
58 11 3
58 13 1
58 14 3
58 15 3
58 16 6
58 21 1
58 22 7
58 24 2
58 25 1
58 26 3
58 29 1
58 30 2
58 31 6
58 35 6
58 39 3
58 40 1
58 41 1
58 43 1
58 48 2
58 60 1
58 62 4
58 63 1
58 64 2
58 65 4
58 66 2
58 67 1
58 69 1
58 73 4
58 74 4
58 75 3
58 76 1
58 77 1
58 78 1
58 84 1
58 93 3
58 95 1
58 97 6
58 98 4
58 102 1
58 104 5
58 107 3
58 111 1
58 115 2
58 121 2
58 124 4
58 125 1
58 126 1
58 128 7
58 131 3
58 134 5
58 139 4
58 142 6
58 153 1
58 164 1
58 166 2
58 171 2
58 172 1
58 177 1
58 183 3
58 187 2
58 198 1
58 200 1
58 204 1
58 209 1
58 213 1
58 220 2
58 222 1
58 227 3
58 245 1
58 246 1
58 250 1
58 252 1
58 255 2
58 256 1
58 261 1
58 263 1
58 271 1
58 272 1
58 291 2
58 302 1
58 310 1
58 313 1
58 318 1
58 329 1
58 331 2
58 336 1
58 337 1
58 340 1
58 350 1
58 372 2
58 379 1
58 385 1
58 407 1
58 426 1
58 427 3
58 445 3
58 460 1
58 470 1
58 479 1
58 481 8
58 507 1
58 510 1
58 523 3
58 536 2
58 539 1
58 547 1
58 549 1
58 595 2
58 602 1
58 605 1
58 622 1
58 639 1
58 644 1
58 666 1
58 686 1
58 705 2
58 762 1
58 778 1
58 787 1
58 812 2
58 839 1
58 869 1
58 879 1
58 907 2
58 909 1
58 923 2
58 929 3
58 943 1
58 944 1
58 949 1
58 953 1
58 961 1
58 986 1
58 1025 3
58 1029 1
58 1031 1
58 1049 4
58 1100 1
58 1140 1
58 1179 1
58 1208 1
58 1216 2
58 1434 1
58 1536 1
58 1552 1
58 1586 1
58 1725 1
58 1871 1
58 1906 2
58 2068 4
58 2222 1
58 2245 1
58 2265 1
58 2421 1
59 2 1
59 14 1
59 18 2
59 21 2
59 22 2
59 23 1
59 55 1
59 58 1
59 65 2
59 78 1
59 81 5
59 100 1
59 141 1
59 177 1
59 216 1
59 240 1
59 250 1
59 287 1
59 293 1
59 318 1
59 331 1
59 715 1
59 1953 1
59 2155 1
59 2413 1
60 18 1
60 20 2
60 23 2
60 30 1
60 36 2
60 37 2
60 40 2
60 42 2
60 75 1
60 146 1
60 158 2
60 159 1
60 183 1
60 286 1
60 345 3
60 442 1
60 476 1
60 783 1
60 887 1
60 917 1
60 955 1
60 1044 1
60 1120 1
60 1151 1
60 1193 1
60 1284 1
60 1297 1
60 1657 1
60 1854 1
60 2480 1
61 1 1
61 2 10
61 3 7
61 4 8
61 6 19
61 7 2
61 9 1
61 10 4
61 11 4
61 13 10
61 14 2
61 15 1
61 16 4
61 17 6
61 19 3
61 21 1
61 22 13
61 24 5
61 25 9
61 26 2
61 27 2
61 30 1
61 33 1
61 35 1
61 39 11
61 40 1
61 41 3
61 42 1
61 43 9
61 45 4
61 47 1
61 48 1
61 50 5
61 53 2
61 54 1
61 55 3
61 60 2
61 61 1
61 62 3
61 63 1
61 64 1
61 67 5
61 69 4
61 70 1
61 75 1
61 78 2
61 83 1
61 86 1
61 91 1
61 98 2
61 99 1
61 105 1
61 107 2
61 110 3
61 112 1
61 113 1
61 116 1
61 119 1
61 120 3
61 127 1
61 128 5
61 130 1
61 141 1
61 146 3
61 147 2
61 154 1
61 155 1
61 156 2
61 160 1
61 161 1
61 163 4
61 167 7
61 171 2
61 173 2
61 177 2
61 179 1
61 180 4
61 186 1
61 195 1
61 199 2
61 205 1
61 206 2
61 207 1
61 211 3
61 212 2
61 213 2
61 214 1
61 215 1
61 218 1
61 220 1
61 222 2
61 235 1
61 237 1
61 244 1
61 247 3
61 249 1
61 256 2
61 259 1
61 260 2
61 267 2
61 269 1
61 270 1
61 278 1
61 284 1
61 287 2
61 288 1
61 295 1
61 303 1
61 308 1
61 313 2
61 320 2
61 325 2
61 328 1
61 330 2
61 331 1
61 336 2
61 347 1
61 348 1
61 351 1
61 354 1
61 368 1
61 369 1
61 372 1
61 377 1
61 379 1
61 383 1
61 388 3
61 390 1
61 392 2
61 395 2
61 396 1
61 397 1
61 400 1
61 404 1
61 415 2
61 431 1
61 438 1
61 453 1
61 454 2
61 460 1
61 470 2
61 472 1
61 474 2
61 481 1
61 482 2
61 487 1
61 489 2
61 492 3
61 512 2
61 515 2
61 520 2
61 525 1
61 541 1
61 551 1
61 560 1
61 567 1
61 573 1
61 575 1
61 582 1
61 591 1
61 594 2
61 633 1
61 678 1
61 680 1
61 686 1
61 690 1
61 706 2
61 707 2
61 718 1
61 719 1
61 734 3
61 737 4
61 738 1
61 742 1
61 752 1
61 779 1
61 794 1
61 795 1
61 848 1
61 864 2
61 870 1
61 897 1
61 904 3
61 938 1
61 943 1
61 946 1
61 953 1
61 959 1
61 967 1
61 975 1
61 981 1
61 995 1
61 1052 1
61 1064 1
61 1077 2
61 1095 1
61 1098 1
61 1130 2
61 1135 1
61 1145 2
61 1151 1
61 1185 1
61 1200 2
61 1208 1
61 1234 1
61 1237 1
61 1242 1
61 1245 1
61 1261 1
61 1281 1
61 1292 2
61 1342 1
61 1344 1
61 1351 1
61 1380 2
61 1386 1
61 1407 2
61 1446 1
61 1528 1
61 1545 1
61 1548 1
61 1585 4
61 1638 1
61 1641 1
61 1655 1
61 1688 1
61 1709 1
61 1814 1
61 2002 1
61 2064 1
61 2096 1
61 2130 1
61 2171 1
61 2184 1
61 2208 1
61 2272 1
61 2406 1
62 1 10
62 2 5
62 3 3
62 4 15
62 6 3
62 7 6
62 8 8
62 10 3
62 11 3
62 13 9
62 14 10
62 15 2
62 16 2
62 17 2
62 18 4
62 19 2
62 21 7
62 22 21
62 24 2
62 25 3
62 26 3
62 27 2
62 28 3
62 30 6
62 33 1
62 39 5
62 40 6
62 41 1
62 43 7
62 45 11
62 47 2
62 48 1
62 50 10
62 52 2
62 54 5
62 56 6
62 57 1
62 58 4
62 60 8
62 61 1
62 62 1
62 64 4
62 67 2
62 68 6
62 69 1
62 70 3
62 71 2
62 72 2
62 75 3
62 76 2
62 77 1
62 78 6
62 81 9
62 82 1
62 83 1
62 86 1
62 88 1
62 89 2
62 90 30
62 91 1
62 95 1
62 97 3
62 98 5
62 100 15
62 101 1
62 102 3
62 105 1
62 107 13
62 110 1
62 112 9
62 114 1
62 115 7
62 118 1
62 119 8
62 120 4
62 121 5
62 123 1
62 124 1
62 125 1
62 126 1
62 127 1
62 128 4
62 129 1
62 131 3
62 132 2
62 133 1
62 134 5
62 137 1
62 138 2
62 139 3
62 140 1
62 144 6
62 148 1
62 149 2
62 151 10
62 152 1
62 153 8
62 154 1
62 156 8
62 157 4
62 158 1
62 159 2
62 161 4
62 163 1
62 164 1
62 166 1
62 168 1
62 176 2
62 177 2
62 179 3
62 180 8
62 181 1
62 183 1
62 186 6
62 192 2
62 195 2
62 197 3
62 200 1
62 202 1
62 203 2
62 206 2
62 207 2
62 211 1
62 212 3
62 213 1
62 214 2
62 215 2
62 217 2
62 223 1
62 225 8
62 228 1
62 229 2
62 231 1
62 236 1
62 240 1
62 242 2
62 243 2
62 244 3
62 245 1
62 247 1
62 248 2
62 250 1
62 251 9
62 253 4
62 256 2
62 259 1
62 261 2
62 266 1
62 268 2
62 269 1
62 270 1
62 272 1
62 274 1
62 275 2
62 276 2
62 281 5
62 283 2
62 284 2
62 286 2
62 291 1
62 292 4
62 294 2
62 295 2
62 297 2
62 298 4
62 303 1
62 304 1
62 305 1
62 306 1
62 307 1
62 311 1
62 315 2
62 318 2
62 320 2
62 321 3
62 323 1
62 330 1
62 331 1
62 332 1
62 334 9
62 336 1
62 342 3
62 344 1
62 348 3
62 350 3
62 351 1
62 353 1
62 354 2
62 355 1
62 360 1
62 361 2
62 362 5
62 364 14
62 368 2
62 369 1
62 370 1
62 371 4
62 382 8
62 384 1
62 386 5
62 387 1
62 389 1
62 394 2
62 395 1
62 396 1
62 399 1
62 403 2
62 405 6
62 419 2
62 422 3
62 425 1
62 434 1
62 437 1
62 438 1
62 439 2
62 440 1
62 443 2
62 452 1
62 454 1
62 458 2
62 461 1
62 470 8
62 474 1
62 476 1
62 477 1
62 479 3
62 480 1
62 481 1
62 482 1
62 485 1
62 486 1
62 489 1
62 491 1
62 492 2
62 494 1
62 496 3
62 498 1
62 501 1
62 502 1
62 508 2
62 510 2
62 512 3
62 513 10
62 521 1
62 531 15
62 539 1
62 543 2
62 545 5
62 551 2
62 552 1
62 554 1
62 555 1
62 560 1
62 563 1
62 564 1
62 569 1
62 571 1
62 573 1
62 579 1
62 580 3
62 582 3
62 587 1
62 589 1
62 594 1
62 598 2
62 601 1
62 605 1
62 606 2
62 607 2
62 609 1
62 613 1
62 618 7
62 621 1
62 623 2
62 627 3
62 650 1
62 652 1
62 653 1
62 660 2
62 668 1
62 675 2
62 676 1
62 678 1
62 681 2
62 682 6
62 684 1
62 686 3
62 695 7
62 698 1
62 699 1
62 715 1
62 716 2
62 718 2
62 724 1
62 740 1
62 750 2
62 751 1
62 754 1
62 761 1
62 765 2
62 766 2
62 772 2
62 783 1
62 784 1
62 789 2
62 790 3
62 794 1
62 801 2
62 804 1
62 810 1
62 811 1
62 813 1
62 814 1
62 821 1
62 823 2
62 839 1
62 841 1
62 866 1
62 871 1
62 879 1
62 882 2
62 884 1
62 891 1
62 897 1
62 908 1
62 909 4
62 916 2
62 919 1
62 923 1
62 926 1
62 929 1
62 932 1
62 950 3
62 953 1
62 957 1
62 961 1
62 963 1
62 965 3
62 967 2
62 970 1
62 977 1
62 978 1
62 980 1
62 986 2
62 990 1
62 1001 1
62 1004 1
62 1018 1
62 1030 1
62 1039 2
62 1048 3
62 1054 1
62 1061 1
62 1063 1
62 1067 3
62 1073 1
62 1077 4
62 1083 1
62 1099 3
62 1105 1
62 1131 2
62 1144 1
62 1145 3
62 1151 1
62 1153 1
62 1159 1
62 1165 1
62 1169 2
62 1218 1
62 1219 3
62 1222 1
62 1229 1
62 1240 1
62 1246 9
62 1248 1
62 1258 1
62 1296 1
62 1298 1
62 1300 1
62 1320 1
62 1325 1
62 1339 1
62 1347 1
62 1351 1
62 1379 1
62 1415 1
62 1416 1
62 1435 1
62 1439 1
62 1440 2
62 1444 1
62 1446 2
62 1464 1
62 1469 1
62 1475 2
62 1488 1
62 1498 1
62 1542 4
62 1552 3
62 1578 1
62 1618 1
62 1635 1
62 1641 5
62 1646 1
62 1649 1
62 1658 1
62 1659 1
62 1662 1
62 1663 1
62 1683 3
62 1686 1
62 1688 1
62 1715 7
62 1721 1
62 1750 1
62 1754 1
62 1760 1
62 1765 1
62 1787 1
62 1813 1
62 1817 1
62 1823 1
62 1834 1
62 1846 1
62 1851 1
62 1874 1
62 1888 1
62 1907 1
62 1919 1
62 1933 4
62 1948 1
62 1976 1
62 1986 1
62 2011 2
62 2017 1
62 2044 1
62 2046 2
62 2056 1
62 2061 2
62 2065 6
62 2086 1
62 2116 1
62 2122 1
62 2132 1
62 2155 1
62 2208 1
62 2222 1
62 2247 1
62 2248 1
62 2259 1
62 2267 1
62 2287 1
62 2292 1
62 2300 3
62 2301 4
62 2328 2
62 2396 1
62 2402 1
62 2411 1
62 2452 2
62 2460 1
62 2473 1
62 2479 1
63 2 1
63 3 1
63 10 1
63 14 1
63 17 2
63 18 2
63 21 1
63 24 1
63 28 4
63 31 1
63 34 2
63 43 2
63 55 1
63 64 1
63 84 1
63 89 1
63 95 1
63 98 1
63 100 1
63 101 1
63 110 1
63 126 2
63 128 1
63 136 2
63 138 2
63 217 1
63 228 1
63 253 2
63 255 1
63 270 1
63 275 4
63 293 1
63 309 1
63 321 2
63 331 1
63 336 1
63 360 1
63 361 1
63 382 1
63 421 2
63 425 3
63 470 1
63 496 1
63 515 2
63 587 1
63 675 1
63 710 1
63 754 1
63 810 2
63 816 1
63 850 1
63 957 1
63 984 1
63 986 1
63 1038 1
63 1045 1
63 1100 2
63 1114 1
63 1182 1
63 1344 1
63 1361 1
63 1492 1
63 1690 1
63 1715 1
63 1787 1
63 1954 2
63 2046 2
63 2095 1
63 2218 1
63 2304 1
64 1 1
64 18 1
64 20 1
64 22 2
64 31 3
64 36 1
64 43 1
64 44 1
64 45 3
64 47 2
64 66 1
64 67 1
64 69 1
64 97 1
64 106 1
64 115 1
64 119 1
64 161 1
64 164 1
64 166 1
64 173 4
64 177 1
64 187 1
64 247 3
64 252 1
64 259 1
64 272 1
64 299 2
64 303 1
64 313 1
64 330 1
64 355 1
64 361 1
64 380 3
64 420 1
64 435 1
64 445 4
64 460 1
64 466 1
64 505 3
64 521 1
64 546 1
64 549 1
64 565 1
64 605 1
64 715 1
64 802 1
64 811 2
64 885 1
64 1038 1
64 1079 1
64 1241 2
64 1465 1
64 1587 1
64 1704 1
64 1800 1
64 1955 1
64 2048 1
65 1 1
65 8 1
65 11 1
65 14 1
65 18 1
65 24 1
65 28 1
65 29 1
65 48 1
65 64 1
65 66 1
65 72 1
65 98 1
65 106 1
65 123 1
65 126 2
65 129 4
65 131 2
65 149 1
65 153 1
65 161 1
65 167 1
65 194 1
65 207 1
65 212 1
65 219 1
65 227 1
65 229 2
65 232 1
65 236 1
65 251 1
65 261 1
65 266 2
65 271 1
65 276 2
65 277 1
65 286 1
65 298 1
65 316 1
65 335 1
65 342 1
65 382 1
65 384 1
65 395 1
65 425 2
65 435 1
65 460 3
65 463 1
65 482 1
65 490 1
65 521 2
65 541 1
65 582 1
65 621 1
65 624 1
65 658 1
65 705 1
65 715 2
65 767 1
65 789 1
65 822 1
65 903 2
65 925 1
65 969 1
65 1033 1
65 1049 1
65 1203 1
65 1322 1
65 1484 1
65 1657 1
65 1683 1
65 1847 1
65 2024 1
65 2126 1
65 2162 1
65 2195 1
65 2248 1
65 2279 1
65 2402 1
65 2448 1
66 1 1
66 3 1
66 8 1
66 10 2
66 11 2
66 13 2
66 14 1
66 16 1
66 17 1
66 18 1
66 19 1
66 28 1
66 29 1
66 35 1
66 46 1
66 48 2
66 54 1
66 55 2
66 56 1
66 57 1
66 58 1
66 61 3
66 73 1
66 74 1
66 75 1
66 76 1
66 77 1
66 81 1
66 98 1
66 103 1
66 104 1
66 112 1
66 123 1
66 126 1
66 131 1
66 137 1
66 160 1
66 163 1
66 177 1
66 178 1
66 179 1
66 187 1
66 207 1
66 208 2
66 210 2
66 212 2
66 217 1
66 218 1
66 219 1
66 242 1
66 245 1
66 248 1
66 251 2
66 253 1
66 266 1
66 268 1
66 270 1
66 293 2
66 304 1
66 315 1
66 318 1
66 381 1
66 396 1
66 429 1
66 447 1
66 453 1
66 466 1
66 472 1
66 497 1
66 515 1
66 541 1
66 542 1
66 560 1
66 563 1
66 609 6
66 622 1
66 718 1
66 727 1
66 734 1
66 751 1
66 764 1
66 806 1
66 838 1
66 847 1
66 848 1
66 891 1
66 898 1
66 931 1
66 955 4
66 962 1
66 990 1
66 1019 1
66 1038 1
66 1246 1
66 1283 1
66 1344 1
66 1563 1
66 1624 1
66 1677 1
66 1696 1
66 1768 1
66 2069 1
66 2076 1
66 2260 1
66 2280 1
66 2331 2
66 2492 1
67 1 8
67 2 14
67 3 20
67 4 9
67 7 1
67 8 8
67 10 2
67 11 6
67 13 4
67 14 2
67 15 10
67 16 6
67 17 7
67 18 1
67 19 3
67 21 2
67 22 1
67 25 1
67 26 3
67 28 7
67 29 1
67 30 1
67 33 3
67 34 10
67 35 8
67 40 10
67 44 2
67 45 2
67 47 1
67 50 3
67 52 3
67 55 2
67 56 3
67 59 7
67 60 2
67 62 1
67 64 1
67 66 1
67 67 2
67 69 3
67 72 1
67 73 2
67 74 2
67 75 1
67 77 1
67 79 1
67 82 2
67 84 1
67 86 1
67 93 1
67 97 10
67 98 1
67 104 3
67 113 1
67 114 1
67 115 1
67 121 1
67 124 8
67 125 1
67 126 2
67 128 1
67 130 1
67 131 2
67 136 2
67 139 1
67 141 2
67 142 10
67 146 2
67 147 1
67 151 1
67 152 1
67 155 6
67 166 1
67 176 2
67 180 1
67 182 1
67 183 6
67 185 1
67 186 4
67 194 1
67 195 2
67 198 1
67 203 1
67 204 3
67 227 3
67 229 1
67 235 1
67 239 1
67 245 1
67 246 1
67 248 1
67 250 1
67 252 1
67 255 5
67 268 1
67 271 1
67 283 3
67 292 1
67 297 1
67 301 4
67 302 1
67 305 2
67 309 1
67 314 1
67 315 1
67 316 1
67 318 1
67 324 1
67 328 1
67 330 2
67 331 2
67 338 2
67 339 1
67 341 1
67 368 3
67 384 1
67 386 1
67 387 1
67 392 1
67 396 1
67 402 1
67 407 2
67 421 1
67 423 1
67 426 1
67 428 1
67 434 1
67 435 1
67 440 1
67 444 1
67 468 1
67 474 1
67 491 1
67 493 2
67 497 1
67 517 1
67 535 1
67 536 2
67 554 1
67 577 1
67 586 1
67 588 2
67 589 2
67 612 1
67 622 1
67 639 1
67 644 2
67 646 1
67 654 2
67 693 2
67 700 1
67 711 1
67 715 2
67 733 1
67 747 1
67 752 2
67 765 1
67 773 1
67 783 2
67 791 1
67 801 1
67 830 1
67 835 1
67 847 2
67 848 1
67 853 1
67 901 1
67 906 1
67 915 1
67 924 2
67 930 1
67 967 1
67 978 1
67 998 1
67 999 1
67 1011 1
67 1013 1
67 1029 2
67 1041 1
67 1050 1
67 1056 2
67 1114 2
67 1125 3
67 1167 1
67 1172 1
67 1185 1
67 1208 1
67 1210 1
67 1276 2
67 1288 1
67 1300 1
67 1304 1
67 1305 1
67 1310 2
67 1326 1
67 1330 1
67 1379 2
67 1382 1
67 1395 1
67 1403 1
67 1407 1
67 1421 1
67 1434 1
67 1453 1
67 1478 1
67 1501 2
67 1505 2
67 1534 1
67 1541 1
67 1586 1
67 1609 1
67 1613 2
67 1691 1
67 1692 1
67 1721 1
67 1734 1
67 1740 1
67 1770 1
67 1773 1
67 1800 1
67 1925 1
67 1929 1
67 1944 2
67 2073 1
67 2086 1
67 2109 2
67 2176 1
67 2194 2
67 2202 1
67 2234 1
67 2243 1
67 2247 1
67 2252 1
67 2269 1
67 2369 1
67 2417 1
67 2422 1
67 2439 2
67 2455 1
68 1 2
68 3 2
68 4 2
68 6 2
68 7 1
68 8 2
68 10 1
68 14 5
68 16 1
68 17 1
68 19 3
68 22 4
68 23 1
68 25 3
68 26 1
68 27 2
68 28 3
68 33 1
68 35 1
68 40 2
68 43 2
68 45 1
68 48 1
68 50 1
68 61 1
68 73 14
68 75 1
68 86 1
68 100 1
68 104 2
68 107 5
68 110 1
68 113 1
68 119 1
68 138 1
68 146 1
68 151 1
68 180 3
68 182 1
68 183 1
68 198 1
68 199 1
68 210 2
68 212 1
68 216 2
68 222 1
68 225 2
68 249 1
68 251 1
68 253 1
68 259 2
68 271 1
68 280 1
68 283 1
68 284 1
68 286 1
68 294 3
68 295 1
68 298 2
68 328 1
68 335 1
68 352 1
68 394 5
68 403 1
68 420 1
68 423 1
68 440 1
68 452 1
68 454 1
68 472 2
68 513 1
68 539 1
68 547 1
68 568 1
68 585 1
68 605 2
68 624 1
68 682 1
68 694 2
68 705 1
68 706 1
68 741 1
68 783 1
68 838 1
68 841 1
68 843 1
68 959 1
68 983 2
68 1014 1
68 1112 7
68 1126 2
68 1145 1
68 1206 2
68 1210 1
68 1228 2
68 1245 1
68 1261 1
68 1277 1
68 1344 2
68 1529 7
68 1673 1
68 1744 1
68 1992 1
68 2064 1
68 2088 1
68 2129 1
68 2187 1
69 1 3
69 3 3
69 11 1
69 14 3
69 16 1
69 17 1
69 19 1
69 24 1
69 25 2
69 28 2
69 29 1
69 30 1
69 34 5
69 45 1
69 52 1
69 56 3
69 73 1
69 74 3
69 77 1
69 78 1
69 85 1
69 88 1
69 95 1
69 99 2
69 104 1
69 105 1
69 113 1
69 119 14
69 152 2
69 155 2
69 160 2
69 176 1
69 191 2
69 197 1
69 202 10
69 204 1
69 214 1
69 225 2
69 239 1
69 245 1
69 248 1
69 251 1
69 258 1
69 284 1
69 293 2
69 299 1
69 301 1
69 304 2
69 310 2
69 353 1
69 370 1
69 407 1
69 470 1
69 505 1
69 513 1
69 532 1
69 609 9
69 611 1
69 622 1
69 702 1
69 736 1
69 750 1
69 772 1
69 774 4
69 830 1
69 841 2
69 919 1
69 930 1
69 1001 1
69 1025 5
69 1058 1
69 1137 1
69 1246 1
69 1323 2
69 1403 1
69 1448 1
69 1485 1
69 1506 1
69 1512 1
69 1528 1
69 1577 1
69 1641 1
69 1683 1
69 1847 2
69 1995 1
69 2013 1
69 2064 1
69 2088 1
69 2120 1
69 2257 1
70 1 13
70 2 20
70 3 16
70 4 4
70 7 1
70 8 1
70 10 7
70 11 6
70 13 2
70 14 4
70 15 8
70 16 5
70 17 1
70 19 3
70 20 2
70 21 2
70 22 1
70 23 1
70 24 1
70 25 1
70 26 1
70 28 1
70 29 4
70 31 1
70 33 6
70 34 1
70 36 1
70 37 1
70 40 2
70 43 3
70 45 3
70 47 3
70 50 3
70 55 4
70 58 1
70 59 2
70 65 7
70 67 4
70 68 2
70 73 1
70 74 1
70 76 2
70 77 3
70 80 2
70 81 1
70 87 1
70 90 1
70 97 1
70 105 1
70 106 2
70 110 1
70 113 1
70 116 2
70 120 1
70 121 2
70 124 6
70 125 2
70 126 1
70 134 1
70 137 1
70 138 1
70 139 3
70 140 1
70 141 2
70 145 1
70 153 2
70 161 1
70 171 1
70 180 1
70 181 11
70 183 2
70 184 1
70 196 1
70 208 1
70 209 1
70 213 1
70 216 2
70 218 1
70 222 1
70 226 1
70 228 1
70 241 1
70 244 1
70 245 3
70 250 2
70 255 2
70 256 2
70 268 2
70 271 2
70 275 1
70 276 3
70 282 2
70 284 2
70 291 1
70 295 1
70 296 1
70 299 1
70 301 1
70 306 2
70 320 1
70 321 1
70 328 1
70 335 1
70 348 1
70 358 1
70 368 4
70 370 1
70 381 1
70 386 2
70 396 1
70 402 1
70 415 1
70 417 3
70 418 1
70 421 2
70 429 1
70 433 5
70 445 1
70 449 1
70 451 2
70 455 2
70 465 5
70 470 1
70 471 1
70 476 2
70 481 1
70 483 2
70 488 1
70 490 1
70 497 1
70 507 1
70 525 1
70 526 2
70 527 1
70 536 1
70 545 1
70 550 1
70 565 1
70 575 1
70 577 1
70 587 1
70 592 2
70 599 1
70 601 1
70 612 2
70 615 4
70 616 7
70 622 1
70 637 1
70 640 2
70 644 1
70 647 2
70 706 1
70 787 1
70 797 2
70 802 1
70 812 1
70 843 1
70 846 1
70 850 1
70 866 1
70 876 1
70 877 1
70 882 1
70 898 1
70 900 1
70 907 1
70 914 1
70 924 2
70 948 1
70 1004 1
70 1015 2
70 1018 1
70 1025 1
70 1049 1
70 1114 1
70 1167 1
70 1208 1
70 1211 1
70 1238 7
70 1271 1
70 1279 2
70 1354 2
70 1377 1
70 1385 1
70 1429 1
70 1434 1
70 1439 1
70 1470 1
70 1529 1
70 1549 1
70 1599 7
70 1630 1
70 1650 1
70 1654 2
70 1676 2
70 1686 1
70 1723 2
70 1728 1
70 1794 1
70 1827 1
70 1845 1
70 1868 4
70 1891 1
70 1907 1
70 2064 1
70 2245 1
70 2287 1
70 2312 1
70 2321 7
70 2339 1
70 2342 2
70 2455 1
71 1 2
71 2 2
71 7 1
71 13 1
71 14 2
71 17 3
71 18 4
71 19 2
71 20 7
71 23 9
71 27 8
71 28 1
71 33 1
71 35 1
71 37 7
71 39 1
71 40 2
71 41 1
71 42 4
71 52 1
71 61 1
71 70 2
71 73 1
71 75 4
71 78 1
71 82 2
71 87 2
71 89 1
71 99 2
71 102 2
71 103 2
71 104 1
71 111 2
71 112 2
71 114 1
71 116 1
71 121 1
71 125 3
71 134 2
71 138 1
71 139 2
71 140 1
71 145 8
71 150 1
71 151 1
71 152 1
71 159 1
71 179 3
71 185 1
71 187 1
71 203 1
71 206 1
71 208 1
71 220 2
71 232 3
71 241 1
71 244 1
71 250 1
71 252 1
71 266 1
71 269 1
71 277 1
71 310 1
71 324 1
71 328 1
71 329 1
71 335 1
71 339 1
71 378 3
71 382 1
71 385 2
71 386 1
71 420 2
71 421 2
71 423 1
71 439 1
71 440 1
71 471 1
71 476 8
71 595 1
71 601 1
71 602 2
71 608 1
71 615 1
71 711 2
71 720 1
71 727 2
71 845 1
71 865 1
71 921 1
71 989 2
71 1013 1
71 1019 1
71 1099 1
71 1120 1
71 1172 2
71 1194 1
71 1241 1
71 1266 2
71 1298 1
71 1303 1
71 1381 1
71 1385 2
71 1450 3
71 1459 1
71 1524 1
71 1605 7
71 1682 4
71 1728 2
71 1838 3
71 1845 2
71 1846 1
71 2009 3
71 2020 1
71 2022 1
71 2119 2
71 2283 2
71 2298 1
71 2360 2
71 2473 1
72 1 6
72 2 18
72 3 11
72 4 13
72 7 8
72 8 5
72 10 6
72 11 4
72 13 8
72 14 1
72 15 10
72 16 6
72 17 3
72 18 8
72 19 3
72 20 1
72 21 4
72 22 2
72 23 2
72 24 2
72 25 3
72 26 5
72 27 5
72 28 1
72 29 2
72 30 2
72 31 3
72 33 1
72 34 1
72 35 7
72 36 2
72 37 1
72 40 2
72 44 3
72 45 2
72 47 6
72 48 1
72 50 5
72 52 3
72 55 2
72 56 2
72 59 5
72 60 2
72 62 3
72 63 1
72 64 1
72 65 4
72 67 4
72 70 1
72 72 1
72 73 2
72 74 2
72 75 1
72 77 1
72 78 2
72 82 1
72 83 1
72 84 1
72 85 1
72 89 1
72 93 5
72 95 1
72 97 4
72 98 1
72 100 1
72 102 2
72 103 5
72 104 3
72 107 3
72 112 1
72 113 1
72 114 1
72 118 2
72 121 6
72 124 6
72 125 2
72 126 1
72 128 3
72 131 2
72 136 3
72 138 1
72 139 2
72 141 5
72 142 1
72 146 3
72 147 3
72 150 1
72 151 2
72 157 1
72 162 1
72 164 1
72 166 2
72 167 1
72 173 1
72 176 3
72 177 1
72 180 1
72 182 2
72 183 2
72 186 1
72 187 1
72 198 2
72 203 1
72 204 3
72 208 1
72 212 1
72 218 1
72 220 2
72 222 1
72 227 4
72 228 1
72 245 1
72 246 1
72 247 2
72 248 3
72 249 1
72 251 1
72 252 3
72 255 3
72 261 1
72 267 2
72 268 2
72 269 2
72 276 2
72 291 1
72 297 1
72 301 2
72 302 1
72 306 1
72 311 1
72 313 1
72 315 2
72 319 1
72 320 1
72 321 2
72 322 1
72 328 1
72 331 1
72 335 1
72 337 2
72 338 1
72 341 1
72 349 1
72 350 1
72 353 1
72 355 1
72 379 1
72 385 1
72 386 2
72 390 2
72 392 2
72 396 1
72 407 2
72 410 1
72 423 4
72 426 1
72 434 1
72 435 1
72 440 1
72 442 1
72 460 1
72 474 1
72 491 1
72 496 3
72 505 3
72 508 1
72 510 1
72 515 1
72 517 2
72 523 2
72 528 1
72 531 4
72 535 1
72 536 2
72 539 1
72 549 1
72 561 1
72 569 1
72 595 2
72 608 1
72 616 1
72 622 2
72 637 1
72 639 4
72 644 2
72 646 1
72 653 1
72 654 2
72 675 3
72 700 1
72 706 1
72 710 1
72 711 1
72 719 1
72 765 1
72 778 3
72 793 1
72 817 1
72 847 1
72 863 1
72 901 1
72 908 1
72 909 2
72 915 1
72 924 1
72 930 1
72 954 1
72 962 3
72 977 3
72 980 1
72 998 1
72 999 1
72 1001 1
72 1018 1
72 1029 2
72 1032 1
72 1050 1
72 1056 2
72 1073 2
72 1077 1
72 1086 1
72 1114 1
72 1125 1
72 1130 1
72 1145 1
72 1176 1
72 1179 2
72 1184 1
72 1256 1
72 1267 1
72 1273 1
72 1296 2
72 1324 1
72 1330 1
72 1331 1
72 1368 1
72 1379 2
72 1382 1
72 1389 1
72 1409 1
72 1438 1
72 1457 1
72 1466 1
72 1525 1
72 1586 1
72 1626 1
72 1770 1
72 1771 1
72 1776 1
72 1846 1
72 1849 1
72 1871 1
72 1886 1
72 1925 2
72 1938 1
72 1944 1
72 2068 1
72 2073 1
72 2084 1
72 2086 1
72 2110 1
72 2152 1
72 2155 1
72 2156 1
72 2247 1
72 2269 1
72 2389 1
72 2396 2
72 2429 2
73 1 5
73 2 10
73 3 3
73 4 15
73 7 10
73 8 6
73 10 4
73 13 4
73 14 1
73 15 2
73 16 3
73 17 1
73 18 1
73 19 6
73 22 3
73 23 1
73 25 3
73 27 2
73 28 5
73 30 2
73 31 1
73 33 3
73 34 5
73 35 3
73 39 1
73 40 5
73 41 1
73 45 1
73 53 2
73 54 1
73 56 1
73 59 4
73 60 4
73 63 1
73 64 1
73 70 1
73 72 2
73 73 5
73 74 7
73 75 1
73 76 1
73 77 2
73 78 2
73 82 1
73 88 1
73 94 1
73 95 6
73 100 1
73 102 1
73 104 5
73 105 2
73 112 1
73 116 2
73 121 5
73 130 1
73 131 2
73 138 3
73 140 2
73 141 5
73 152 1
73 159 2
73 172 1
73 175 1
73 176 2
73 177 1
73 180 1
73 183 4
73 188 1
73 194 1
73 195 1
73 201 2
73 202 1
73 203 1
73 204 2
73 205 1
73 208 1
73 225 1
73 239 1
73 240 1
73 245 1
73 246 2
73 252 6
73 255 10
73 258 5
73 260 1
73 262 1
73 267 1
73 269 1
73 270 2
73 275 1
73 277 18
73 287 1
73 294 2
73 299 1
73 302 1
73 305 2
73 316 2
73 318 2
73 320 1
73 327 1
73 328 5
73 329 1
73 337 2
73 345 3
73 352 6
73 371 3
73 379 3
73 382 1
73 389 1
73 390 1
73 404 10
73 417 1
73 426 1
73 429 1
73 443 1
73 449 2
73 470 1
73 497 2
73 502 4
73 505 1
73 523 3
73 526 6
73 527 1
73 530 1
73 536 2
73 550 1
73 575 1
73 576 1
73 585 1
73 602 2
73 618 1
73 622 1
73 644 2
73 646 2
73 663 1
73 666 1
73 680 3
73 697 2
73 702 2
73 735 4
73 740 2
73 771 1
73 787 1
73 801 1
73 826 1
73 832 3
73 845 3
73 865 1
73 880 4
73 887 1
73 898 3
73 930 1
73 964 3
73 968 2
73 974 1
73 981 1
73 1005 3
73 1023 1
73 1029 1
73 1038 1
73 1072 1
73 1090 5
73 1113 1
73 1156 2
73 1215 1
73 1238 2
73 1270 1
73 1324 1
73 1332 3
73 1337 1
73 1345 1
73 1368 2
73 1382 1
73 1385 1
73 1438 2
73 1499 1
73 1552 1
73 1553 1
73 1628 1
73 1654 1
73 1696 1
73 1703 4
73 1811 2
73 1924 3
73 1982 1
73 2007 6
73 2053 6
73 2069 1
73 2081 1
73 2086 1
73 2116 1
73 2163 1
73 2235 1
73 2245 1
73 2255 1
73 2289 3
73 2359 4
73 2368 1
73 2370 2
73 2453 5
73 2459 3
73 2489 2
74 2 1
74 3 1
74 8 2
74 16 2
74 18 1
74 20 2
74 21 1
74 23 2
74 35 1
74 36 1
74 37 2
74 42 1
74 50 1
74 52 1
74 55 1
74 62 5
74 72 1
74 87 1
74 98 1
74 107 1
74 110 1
74 116 1
74 153 1
74 172 1
74 180 1
74 182 1
74 198 1
74 220 1
74 247 1
74 256 2
74 259 1
74 267 1
74 284 2
74 307 1
74 333 1
74 355 1
74 360 1
74 365 1
74 401 1
74 403 1
74 439 1
74 461 1
74 483 1
74 546 1
74 547 1
74 651 1
74 749 1
74 756 1
74 783 1
74 867 1
74 876 1
74 906 1
74 931 1
74 958 2
74 998 1
74 1067 1
74 1140 1
74 1305 1
74 1494 1
74 1522 1
74 1585 1
74 1597 2
74 1598 2
74 1630 1
74 1641 2
74 1643 1
74 1647 1
74 1653 1
74 1938 1
74 2048 1
74 2106 1
74 2121 1
74 2412 2
74 2425 1
75 2 2
75 3 1
75 4 1
75 7 4
75 8 4
75 10 1
75 14 1
75 15 1
75 19 3
75 22 1
75 28 2
75 29 7
75 36 2
75 45 1
75 47 1
75 48 1
75 52 1
75 55 1
75 62 1
75 63 2
75 64 2
75 67 2
75 78 1
75 89 1
75 93 3
75 97 2
75 103 1
75 104 1
75 115 1
75 119 1
75 121 1
75 126 1
75 131 2
75 138 1
75 142 1
75 147 2
75 151 1
75 157 4
75 169 2
75 184 1
75 203 2
75 206 1
75 240 2
75 258 1
75 263 1
75 279 1
75 280 1
75 297 2
75 302 1
75 321 1
75 341 1
75 348 1
75 370 1
75 389 2
75 396 1
75 400 1
75 401 2
75 402 3
75 421 1
75 436 1
75 449 1
75 482 1
75 523 1
75 639 1
75 688 1
75 727 1
75 743 1
75 760 1
75 778 1
75 812 1
75 816 1
75 862 2
75 962 1
75 1009 1
75 1023 1
75 1029 2
75 1171 1
75 1196 1
75 1276 2
75 1434 1
75 1449 1
75 1510 1
75 1550 1
75 1641 1
75 1738 1
75 1751 1
75 1862 1
75 1933 1
75 2068 1
75 2084 1
75 2196 1
76 1 1
76 2 3
76 3 1
76 8 1
76 10 2
76 18 2
76 19 1
76 20 1
76 23 2
76 37 1
76 42 2
76 46 1
76 59 1
76 68 1
76 94 1
76 98 1
76 103 1
76 140 1
76 141 1
76 159 2
76 169 1
76 176 1
76 226 1
76 231 2
76 239 1
76 241 2
76 259 1
76 260 1
76 276 1
76 277 1
76 310 1
76 345 2
76 479 1
76 488 2
76 561 1
76 574 1
76 917 2
76 989 1
76 1120 2
76 1191 1
76 1193 2
76 1377 1
76 1445 1
76 1508 1
76 1838 1
76 2299 1
77 1 3
77 2 2
77 14 1
77 18 1
77 19 1
77 20 3
77 24 1
77 27 1
77 31 3
77 36 1
77 45 1
77 47 1
77 54 1
77 59 5
77 62 1
77 63 1
77 65 2
77 75 2
77 77 1
77 78 1
77 94 1
77 97 2
77 98 1
77 103 2
77 107 1
77 140 2
77 141 1
77 151 1
77 154 2
77 167 1
77 172 1
77 173 1
77 181 1
77 185 1
77 187 3
77 198 1
77 231 3
77 239 1
77 247 1
77 260 2
77 275 1
77 295 1
77 298 1
77 310 1
77 318 1
77 320 1
77 327 1
77 338 1
77 427 1
77 445 2
77 479 1
77 534 1
77 546 1
77 565 2
77 607 1
77 615 1
77 665 1
77 684 1
77 698 1
77 700 1
77 705 1
77 726 1
77 736 1
77 743 1
77 786 1
77 827 1
77 860 1
77 870 1
77 892 1
77 943 1
77 1036 1
77 1063 1
77 1130 1
77 1166 1
77 1277 2
77 1328 1
77 1377 2
77 1395 1
77 1526 1
77 1663 1
77 1727 1
77 1758 2
77 1829 1
77 1922 1
77 2061 1
77 2069 1
78 2 15
78 3 15
78 4 4
78 7 5
78 10 4
78 11 3
78 13 1
78 15 3
78 16 1
78 17 1
78 18 1
78 19 1
78 21 2
78 28 3
78 33 1
78 36 1
78 42 1
78 45 2
78 48 1
78 50 1
78 55 1
78 56 1
78 59 1
78 60 2
78 62 1
78 65 2
78 68 1
78 69 1
78 72 1
78 75 2
78 78 1
78 82 1
78 93 1
78 109 2
78 115 2
78 124 2
78 125 1
78 136 2
78 137 1
78 139 1
78 142 2
78 163 1
78 165 1
78 182 1
78 187 1
78 204 1
78 206 2
78 217 1
78 227 1
78 229 3
78 253 2
78 283 1
78 295 3
78 297 1
78 302 1
78 309 1
78 317 1
78 327 2
78 331 2
78 341 1
78 362 3
78 365 1
78 388 1
78 410 1
78 442 1
78 451 2
78 480 1
78 525 1
78 532 1
78 622 3
78 650 5
78 660 1
78 675 1
78 706 1
78 734 1
78 752 1
78 794 1
78 801 1
78 812 1
78 816 1
78 847 1
78 854 1
78 871 1
78 962 1
78 986 1
78 1022 2
78 1110 1
78 1201 1
78 1210 1
78 1383 4
78 1545 2
78 1598 1
78 1702 1
78 1776 1
78 1781 1
78 1787 1
78 1915 1
78 2017 3
78 2050 1
78 2066 1
78 2391 1
79 1 3
79 3 2
79 4 1
79 6 1
79 8 2
79 11 2
79 14 5
79 16 3
79 17 1
79 22 1
79 28 2
79 33 4
79 39 1
79 40 3
79 41 1
79 48 2
79 56 3
79 63 7
79 73 20
79 74 1
79 76 2
79 77 1
79 85 1
79 102 1
79 104 3
79 106 4
79 107 2
79 124 1
79 131 1
79 149 1
79 157 1
79 166 1
79 182 3
79 185 1
79 197 1
79 198 2
79 200 4
79 201 1
79 203 1
79 204 1
79 208 1
79 216 1
79 218 1
79 220 1
79 225 2
79 243 1
79 245 1
79 251 1
79 252 1
79 266 1
79 291 2
79 294 1
79 297 1
79 302 1
79 309 4
79 331 1
79 338 1
79 360 2
79 361 1
79 362 1
79 364 1
79 380 4
79 384 1
79 390 1
79 400 2
79 437 1
79 440 1
79 447 1
79 452 1
79 466 4
79 480 1
79 523 2
79 525 1
79 603 1
79 614 4
79 622 1
79 628 1
79 632 3
79 651 1
79 655 1
79 660 1
79 694 1
79 741 1
79 752 1
79 767 1
79 787 1
79 801 2
79 838 1
79 865 2
79 871 1
79 930 1
79 957 2
79 969 1
79 1030 3
79 1137 1
79 1140 1
79 1190 2
79 1205 1
79 1339 1
79 1485 2
79 1750 4
79 1802 1
79 2004 1
79 2044 1
79 2078 1
79 2119 1
79 2129 1
79 2208 1
79 2368 1
79 2370 1
79 2392 1
79 2402 1
80 8 1
80 18 3
80 20 2
80 23 2
80 37 2
80 42 2
80 60 1
80 64 1
80 95 1
80 114 1
80 154 1
80 241 1
80 339 3
80 345 1
80 392 1
80 545 1
80 599 1
80 931 1
80 1270 1
81 1 3
81 2 12
81 3 5
81 4 10
81 6 10
81 7 7
81 8 11
81 9 1
81 10 3
81 11 1
81 13 1
81 14 13
81 15 1
81 16 2
81 17 1
81 19 3
81 21 1
81 22 3
81 23 1
81 28 2
81 30 1
81 31 10
81 33 3
81 34 7
81 35 2
81 39 1
81 40 7
81 41 1
81 42 2
81 43 4
81 48 2
81 50 3
81 52 1
81 54 1
81 56 1
81 59 2
81 60 1
81 64 2
81 67 5
81 68 1
81 72 1
81 73 7
81 74 6
81 76 1
81 77 3
81 78 3
81 80 2
81 82 1
81 89 3
81 90 1
81 94 1
81 100 1
81 102 1
81 104 3
81 105 1
81 112 3
81 118 2
81 121 6
81 124 1
81 126 1
81 128 2
81 130 2
81 132 1
81 133 1
81 138 3
81 140 2
81 141 2
81 144 1
81 150 1
81 152 1
81 161 5
81 166 1
81 169 1
81 172 1
81 176 2
81 177 1
81 181 3
81 182 1
81 183 3
81 203 1
81 204 2
81 208 1
81 212 1
81 214 2
81 229 1
81 245 1
81 246 2
81 249 2
81 251 2
81 252 5
81 255 6
81 260 1
81 262 2
81 267 1
81 270 1
81 275 1
81 276 2
81 278 2
81 293 2
81 294 1
81 301 1
81 302 1
81 305 2
81 318 1
81 328 2
81 332 1
81 336 2
81 337 2
81 342 1
81 350 2
81 352 6
81 361 2
81 364 2
81 380 1
81 390 2
81 404 1
81 410 1
81 414 1
81 417 1
81 422 1
81 429 2
81 434 1
81 437 1
81 438 2
81 439 1
81 442 1
81 444 1
81 445 1
81 447 1
81 449 4
81 451 1
81 465 1
81 466 1
81 468 1
81 470 1
81 472 1
81 474 1
81 482 1
81 485 1
81 488 1
81 513 1
81 515 2
81 523 3
81 526 3
81 535 1
81 536 2
81 537 1
81 540 1
81 545 1
81 550 1
81 551 2
81 562 1
81 577 1
81 582 1
81 603 1
81 609 1
81 616 1
81 622 1
81 644 2
81 646 1
81 654 1
81 663 4
81 665 1
81 666 1
81 680 2
81 686 2
81 702 2
81 705 1
81 740 1
81 741 1
81 752 1
81 764 1
81 765 1
81 787 2
81 801 1
81 818 1
81 864 1
81 900 1
81 925 1
81 930 1
81 950 1
81 954 1
81 965 1
81 970 1
81 974 1
81 1003 2
81 1028 2
81 1035 1
81 1045 1
81 1048 1
81 1100 1
81 1104 1
81 1111 1
81 1187 2
81 1189 1
81 1192 2
81 1214 1
81 1240 1
81 1279 1
81 1301 1
81 1307 1
81 1331 1
81 1339 1
81 1345 2
81 1365 1
81 1368 1
81 1382 1
81 1385 1
81 1407 1
81 1445 1
81 1470 2
81 1509 1
81 1510 1
81 1525 1
81 1552 2
81 1579 2
81 1591 3
81 1617 1
81 1628 1
81 1690 1
81 1697 3
81 1732 1
81 1790 1
81 1811 1
81 1851 1
81 1868 1
81 2048 1
81 2050 1
81 2065 1
81 2086 1
81 2092 1
81 2099 1
81 2128 1
81 2148 2
81 2199 1
81 2245 1
81 2265 1
81 2289 4
81 2300 3
81 2301 1
81 2332 1
81 2364 3
81 2403 1
81 2422 1
81 2450 1
81 2479 1
81 2488 3
82 1 1
82 2 4
82 3 2
82 7 1
82 8 1
82 13 1
82 14 2
82 15 1
82 16 1
82 18 2
82 19 1
82 20 6
82 21 2
82 22 1
82 23 2
82 28 1
82 29 2
82 33 1
82 37 2
82 45 1
82 48 2
82 52 1
82 54 1
82 59 1
82 63 1
82 74 1
82 75 1
82 77 3
82 85 1
82 86 1
82 98 2
82 100 1
82 102 1
82 103 1
82 106 1
82 107 3
82 125 1
82 126 1
82 134 1
82 141 1
82 153 1
82 157 1
82 177 1
82 180 2
82 183 1
82 185 1
82 196 4
82 206 1
82 225 1
82 241 1
82 242 1
82 250 1
82 253 1
82 268 1
82 286 1
82 295 1
82 297 1
82 303 1
82 310 2
82 313 1
82 331 1
82 332 1
82 337 4
82 338 1
82 353 2
82 362 2
82 383 1
82 400 1
82 433 1
82 454 1
82 470 2
82 498 4
82 508 1
82 516 1
82 534 2
82 579 1
82 612 1
82 698 1
82 715 1
82 718 1
82 736 1
82 782 2
82 786 3
82 790 2
82 793 1
82 827 1
82 841 3
82 941 1
82 943 1
82 950 1
82 969 1
82 983 1
82 1036 1
82 1038 1
82 1126 1
82 1153 1
82 1246 1
82 1340 1
82 1377 1
82 1395 2
82 1443 1
82 1449 1
82 1510 1
82 1727 1
82 1816 1
82 1836 1
82 1922 1
82 2187 1
82 2342 1
82 2346 1
82 2487 1
83 8 1
83 20 1
83 43 1
83 52 1
83 196 1
83 199 1
83 245 1
83 307 1
83 345 1
83 389 1
83 525 1
83 563 1
83 931 1
84 19 1
84 21 1
84 22 2
84 29 1
84 43 1
84 45 1
84 48 1
84 85 2
84 94 1
84 103 1
84 107 2
84 114 1
84 121 1
84 131 1
84 159 1
84 210 1
84 212 1
84 313 1
84 352 1
84 371 1
84 403 1
84 485 1
84 549 1
84 661 1
84 845 1
84 957 1
84 983 1
84 1144 2
84 1269 3
84 1368 1
84 1403 1
84 2004 1
85 7 1
85 13 1
85 18 4
85 19 1
85 20 2
85 31 1
85 36 4
85 42 9
85 64 2
85 87 1
85 115 1
85 129 1
85 149 1
85 218 2
85 276 1
85 284 2
85 321 1
85 348 1
85 431 1
85 440 2
85 455 2
85 530 1
85 561 1
85 908 1
85 1072 1
85 1175 1
85 1704 1
85 1987 1
85 2069 1
86 1 36
86 2 11
86 3 7
86 4 20
86 6 77
86 7 23
86 10 10
86 11 4
86 13 11
86 14 16
86 15 2
86 16 5
86 17 21
86 18 13
86 19 4
86 21 7
86 22 31
86 24 22
86 25 4
86 26 4
86 28 7
86 29 2
86 30 2
86 31 2
86 33 16
86 34 5
86 35 8
86 39 2
86 40 5
86 41 4
86 43 16
86 44 14
86 45 19
86 47 8
86 48 13
86 50 2
86 52 8
86 53 2
86 54 2
86 55 6
86 56 3
86 58 12
86 59 1
86 60 7
86 61 8
86 62 9
86 63 10
86 64 8
86 66 15
86 67 6
86 68 3
86 69 5
86 70 6
86 73 12
86 74 4
86 75 1
86 76 1
86 77 2
86 78 3
86 80 9
86 81 2
86 82 1
86 83 2
86 84 6
86 85 6
86 86 9
86 87 1
86 88 1
86 91 2
86 93 5
86 95 13
86 100 12
86 101 1
86 102 11
86 103 1
86 104 7
86 105 2
86 106 1
86 107 4
86 111 1
86 112 8
86 113 3
86 114 3
86 115 5
86 118 3
86 119 10
86 120 1
86 121 5
86 125 1
86 126 4
86 128 39
86 129 13
86 131 5
86 133 6
86 138 15
86 141 4
86 144 6
86 147 4
86 149 3
86 150 3
86 152 4
86 153 6
86 157 5
86 158 1
86 159 2
86 161 3
86 163 3
86 164 3
86 165 2
86 166 7
86 171 4
86 172 2
86 173 2
86 176 3
86 177 1
86 178 2
86 180 6
86 186 2
86 188 1
86 194 6
86 195 1
86 198 1
86 199 6
86 200 2
86 201 1
86 202 1
86 203 1
86 204 1
86 206 2
86 207 3
86 208 1
86 209 4
86 210 4
86 211 5
86 212 2
86 214 5
86 216 6
86 217 6
86 220 4
86 225 2
86 227 6
86 229 6
86 236 1
86 237 1
86 240 2
86 242 1
86 244 1
86 245 1
86 247 6
86 248 3
86 250 1
86 251 2
86 252 1
86 255 2
86 256 11
86 258 1
86 261 2
86 262 2
86 266 1
86 267 3
86 268 1
86 269 1
86 270 3
86 271 3
86 275 7
86 276 10
86 278 1
86 283 1
86 286 1
86 287 6
86 290 1
86 291 2
86 293 3
86 294 2
86 295 2
86 296 14
86 297 4
86 298 2
86 299 5
86 301 1
86 303 1
86 306 1
86 307 1
86 308 1
86 309 3
86 310 2
86 311 1
86 313 6
86 315 5
86 316 1
86 320 5
86 321 3
86 324 1
86 329 5
86 331 1
86 332 7
86 334 5
86 335 1
86 336 5
86 337 1
86 338 4
86 339 5
86 342 1
86 344 1
86 348 1
86 349 1
86 350 2
86 351 1
86 355 1
86 357 1
86 361 1
86 364 1
86 367 1
86 368 7
86 370 1
86 371 2
86 372 2
86 381 1
86 382 1
86 383 2
86 384 1
86 385 1
86 387 1
86 388 1
86 397 1
86 402 1
86 407 2
86 419 1
86 420 4
86 421 1
86 422 1
86 423 6
86 425 1
86 427 1
86 428 1
86 430 4
86 435 1
86 437 1
86 440 1
86 441 1
86 442 1
86 443 1
86 445 2
86 451 1
86 454 3
86 460 1
86 468 2
86 470 11
86 473 4
86 474 1
86 479 2
86 480 1
86 481 2
86 482 2
86 486 2
86 487 4
86 491 3
86 498 1
86 505 3
86 512 1
86 513 1
86 521 2
86 526 1
86 530 6
86 531 1
86 532 1
86 535 6
86 536 2
86 537 5
86 538 1
86 539 2
86 540 1
86 541 2
86 547 5
86 549 2
86 551 1
86 554 1
86 555 1
86 563 1
86 565 3
86 567 1
86 570 1
86 573 4
86 574 1
86 578 1
86 580 2
86 581 1
86 582 1
86 586 1
86 591 1
86 592 1
86 601 1
86 603 2
86 604 3
86 605 4
86 606 1
86 607 1
86 612 1
86 614 3
86 616 4
86 618 1
86 622 1
86 623 1
86 624 2
86 643 1
86 645 1
86 654 1
86 660 1
86 666 2
86 667 5
86 675 1
86 676 1
86 678 3
86 681 3
86 689 1
86 698 1
86 711 3
86 717 38
86 718 1
86 735 1
86 736 1
86 740 1
86 741 2
86 742 1
86 750 1
86 754 5
86 762 3
86 770 1
86 771 1
86 783 2
86 784 1
86 786 1
86 793 1
86 799 2
86 806 2
86 807 1
86 810 2
86 812 1
86 816 1
86 817 1
86 823 1
86 826 1
86 830 1
86 832 2
86 841 4
86 844 1
86 845 1
86 848 2
86 850 1
86 851 3
86 863 1
86 864 2
86 876 1
86 882 1
86 891 1
86 901 1
86 903 1
86 908 1
86 922 1
86 924 2
86 925 1
86 929 1
86 940 3
86 949 3
86 950 1
86 957 1
86 958 4
86 963 2
86 965 10
86 966 1
86 969 1
86 973 1
86 975 2
86 983 1
86 986 1
86 987 1
86 990 2
86 995 1
86 996 2
86 1009 1
86 1012 2
86 1015 1
86 1020 4
86 1021 1
86 1022 3
86 1028 1
86 1029 4
86 1030 1
86 1033 1
86 1038 4
86 1041 1
86 1044 4
86 1063 2
86 1064 1
86 1065 1
86 1066 1
86 1067 2
86 1068 1
86 1070 3
86 1072 1
86 1077 3
86 1078 1
86 1079 2
86 1088 3
86 1090 1
86 1092 1
86 1096 2
86 1099 2
86 1100 4
86 1105 3
86 1126 5
86 1133 1
86 1137 1
86 1141 1
86 1143 1
86 1144 3
86 1145 1
86 1153 3
86 1168 4
86 1169 1
86 1171 3
86 1172 1
86 1176 5
86 1177 2
86 1184 1
86 1187 2
86 1192 1
86 1205 1
86 1217 1
86 1219 1
86 1229 1
86 1246 1
86 1256 1
86 1261 1
86 1273 1
86 1277 1
86 1300 1
86 1301 1
86 1315 1
86 1320 1
86 1323 1
86 1331 1
86 1339 1
86 1340 1
86 1344 1
86 1351 1
86 1361 3
86 1362 1
86 1373 1
86 1389 2
86 1393 2
86 1400 1
86 1432 1
86 1445 1
86 1446 1
86 1464 1
86 1485 2
86 1507 1
86 1532 1
86 1579 1
86 1585 1
86 1586 1
86 1587 1
86 1592 3
86 1596 1
86 1609 1
86 1611 2
86 1613 2
86 1618 3
86 1628 1
86 1646 1
86 1649 1
86 1670 1
86 1697 1
86 1698 1
86 1704 1
86 1710 1
86 1721 1
86 1738 1
86 1751 1
86 1768 1
86 1782 1
86 1802 1
86 1817 1
86 1824 1
86 1830 1
86 1868 1
86 1878 1
86 1880 2
86 1894 1
86 1898 1
86 1918 1
86 1920 4
86 1938 1
86 1954 1
86 1992 4
86 1995 1
86 2004 3
86 2010 1
86 2026 1
86 2029 1
86 2042 1
86 2046 1
86 2052 1
86 2060 2
86 2078 1
86 2108 1
86 2115 1
86 2124 4
86 2129 3
86 2147 1
86 2152 1
86 2170 1
86 2183 1
86 2192 1
86 2206 1
86 2223 2
86 2256 1
86 2260 1
86 2280 1
86 2286 1
86 2301 4
86 2309 1
86 2334 2
86 2391 1
86 2438 15
86 2447 1
86 2448 1
86 2496 6
87 1 1
87 8 2
87 10 1
87 18 1
87 22 1
87 29 3
87 33 1
87 39 1
87 40 1
87 46 1
87 48 3
87 62 1
87 74 1
87 126 2
87 147 1
87 149 2
87 151 1
87 166 1
87 205 1
87 206 1
87 255 1
87 268 1
87 275 1
87 302 2
87 332 1
87 350 1
87 429 1
87 530 1
87 550 1
87 567 1
87 595 1
87 616 1
87 762 1
87 790 1
87 1014 1
87 1171 1
87 1198 1
87 1831 1
87 2185 1
88 1 3
88 2 10
88 4 1
88 7 2
88 8 1
88 10 1
88 12 1
88 13 2
88 14 1
88 15 4
88 26 1
88 28 1
88 30 2
88 33 1
88 45 3
88 54 1
88 58 1
88 61 3
88 63 1
88 66 3
88 70 1
88 105 1
88 106 2
88 110 1
88 131 1
88 132 1
88 137 2
88 140 1
88 147 1
88 157 1
88 188 1
88 211 1
88 236 1
88 240 2
88 247 1
88 261 1
88 272 1
88 275 1
88 293 1
88 296 3
88 332 1
88 334 1
88 339 1
88 354 1
88 361 2
88 368 1
88 398 3
88 410 10
88 434 3
88 481 1
88 485 1
88 490 2
88 520 1
88 552 2
88 565 2
88 567 1
88 602 1
88 647 1
88 654 2
88 665 1
88 676 1
88 771 1
88 773 2
88 786 1
88 803 2
88 812 3
88 873 1
88 945 4
88 949 2
88 957 1
88 1012 1
88 1049 1
88 1081 1
88 1129 1
88 1130 1
88 1182 1
88 1215 1
88 1267 1
88 1404 1
88 1487 2
88 1608 1
88 1656 1
88 1827 2
88 1896 1
88 1957 3
88 2029 1
88 2044 1
88 2152 1
88 2465 1
89 7 1
89 8 1
89 15 1
89 17 1
89 19 1
89 21 1
89 31 1
89 42 3
89 59 2
89 103 1
89 114 1
89 140 1
89 160 1
89 172 1
89 260 1
89 284 1
89 299 1
89 336 1
89 345 1
89 380 1
89 903 1
89 931 1
89 966 1
89 1004 1
89 1200 1
89 1526 1
89 1691 1
89 1886 1
89 1907 1
89 2116 1
89 2131 1
89 2330 1
89 2425 1
90 1 2
90 2 7
90 3 7
90 4 3
90 7 4
90 10 2
90 13 1
90 14 2
90 15 1
90 16 1
90 18 1
90 19 1
90 20 3
90 21 4
90 22 7
90 23 2
90 24 9
90 25 2
90 26 1
90 27 4
90 28 1
90 31 1
90 33 2
90 37 1
90 39 1
90 40 1
90 43 1
90 58 2
90 59 2
90 66 3
90 67 1
90 68 1
90 74 1
90 75 1
90 77 4
90 78 1
90 80 3
90 88 5
90 94 1
90 97 4
90 98 1
90 103 1
90 113 1
90 114 1
90 121 2
90 123 2
90 131 1
90 136 1
90 140 1
90 141 1
90 149 4
90 153 1
90 157 1
90 159 1
90 160 1
90 162 1
90 165 3
90 176 1
90 185 1
90 196 1
90 198 1
90 201 2
90 212 2
90 213 1
90 225 1
90 231 1
90 235 1
90 239 1
90 241 1
90 245 1
90 252 1
90 260 1
90 270 1
90 276 1
90 290 1
90 301 1
90 302 1
90 304 1
90 310 2
90 338 1
90 362 1
90 364 1
90 367 1
90 370 1
90 403 1
90 431 4
90 435 1
90 436 1
90 475 1
90 479 1
90 482 1
90 494 1
90 501 1
90 535 1
90 543 1
90 552 1
90 622 1
90 624 1
90 660 1
90 698 1
90 718 1
90 726 1
90 780 1
90 782 2
90 786 3
90 827 1
90 870 3
90 871 2
90 897 1
90 908 1
90 916 1
90 943 1
90 966 1
90 994 3
90 1036 1
90 1176 1
90 1216 1
90 1275 1
90 1290 5
90 1320 1
90 1322 6
90 1377 2
90 1395 2
90 1491 2
90 1509 1
90 1534 2
90 1540 1
90 1581 1
90 1704 2
90 1727 1
90 1737 1
90 1806 1
90 1816 1
91 7 1
91 8 1
91 15 1
91 17 1
91 18 1
91 19 4
91 22 1
91 23 1
91 28 4
91 29 4
91 31 1
91 33 1
91 35 1
91 54 1
91 57 2
91 59 2
91 60 1
91 62 1
91 63 1
91 66 1
91 68 1
91 77 2
91 95 1
91 97 1
91 98 1
91 107 2
91 121 1
91 125 1
91 126 3
91 137 1
91 140 1
91 141 1
91 147 4
91 151 1
91 172 1
91 176 1
91 229 1
91 235 1
91 245 2
91 247 1
91 260 1
91 278 1
91 283 3
91 296 1
91 305 1
91 372 1
91 383 1
91 451 1
91 452 1
91 486 1
91 510 1
91 565 1
91 587 1
91 604 1
91 611 6
91 624 1
91 663 2
91 676 1
91 698 1
91 807 1
91 848 1
91 896 1
91 907 1
91 923 1
91 949 1
91 1023 1
91 1050 1
91 1076 2
91 1081 1
91 1228 1
91 1236 4
91 1240 1
91 1256 1
91 1373 1
91 1443 1
91 1501 2
91 1549 1
91 1590 2
91 1657 1
91 1906 1
91 2112 1
91 2260 1
91 2272 1
92 1 1
92 2 4
92 3 1
92 8 2
92 10 1
92 14 2
92 15 1
92 18 3
92 19 2
92 20 2
92 23 1
92 26 2
92 28 2
92 31 2
92 37 2
92 39 1
92 47 2
92 54 1
92 59 1
92 63 1
92 64 1
92 67 1
92 74 1
92 75 1
92 77 1
92 103 3
92 106 1
92 123 2
92 126 2
92 130 1
92 138 2
92 146 3
92 156 1
92 164 1
92 179 1
92 183 1
92 196 1
92 198 2
92 219 1
92 226 2
92 239 1
92 241 1
92 255 2
92 262 1
92 282 1
92 283 1
92 295 1
92 298 1
92 326 1
92 338 1
92 342 1
92 354 3
92 362 1
92 369 1
92 411 1
92 415 1
92 417 1
92 418 1
92 440 1
92 441 1
92 449 2
92 469 1
92 494 1
92 526 2
92 556 1
92 564 1
92 585 1
92 586 1
92 589 1
92 615 1
92 651 1
92 663 1
92 675 1
92 694 1
92 698 1
92 786 1
92 790 1
92 827 1
92 837 1
92 889 1
92 903 1
92 905 1
92 907 1
92 909 5
92 943 1
92 964 1
92 1009 2
92 1036 1
92 1061 2
92 1081 1
92 1111 1
92 1212 2
92 1258 1
92 1260 1
92 1275 1
92 1295 1
92 1377 1
92 1395 1
92 1512 1
92 1572 2
92 1689 1
92 1700 1
92 1971 1
92 2007 1
92 2031 2
92 2132 1
92 2228 8
92 2272 1
92 2287 1
92 2299 1
92 2413 1
93 2 3
93 3 3
93 8 1
93 10 2
93 11 1
93 16 1
93 19 1
93 20 3
93 21 2
93 36 1
93 42 3
93 50 1
93 54 1
93 57 3
93 59 2
93 75 1
93 88 1
93 95 1
93 110 1
93 112 1
93 114 1
93 115 1
93 126 1
93 154 1
93 187 1
93 198 1
93 201 2
93 206 1
93 208 1
93 210 1
93 241 2
93 256 1
93 268 2
93 276 1
93 298 1
93 304 2
93 351 1
93 368 1
93 370 1
93 382 1
93 427 1
93 433 1
93 494 1
93 508 1
93 556 1
93 605 1
93 736 1
93 816 1
93 818 1
93 859 1
93 913 1
93 931 1
93 977 1
93 1055 1
93 1258 1
93 1261 1
93 1397 1
93 1438 1
93 1514 1
93 1526 1
93 1563 1
93 1676 1
93 1874 1
93 2069 1
93 2348 1
94 3 1
94 6 3
94 8 2
94 14 5
94 16 1
94 18 1
94 24 1
94 29 2
94 45 1
94 48 4
94 63 1
94 73 2
94 74 1
94 78 1
94 121 1
94 123 2
94 124 1
94 127 1
94 133 2
94 155 1
94 181 3
94 206 1
94 214 1
94 279 2
94 292 1
94 293 1
94 309 1
94 350 1
94 352 1
94 382 1
94 403 1
94 407 1
94 485 1
94 515 1
94 536 1
94 540 4
94 591 1
94 603 4
94 611 2
94 614 2
94 644 1
94 702 1
94 770 1
94 785 1
94 818 3
94 865 1
94 896 1
94 919 1
94 947 3
94 996 2
94 997 1
94 1137 1
94 1184 1
94 1187 2
94 1190 2
94 1192 1
94 1193 1
94 1194 1
94 1381 2
94 1485 1
94 1510 1
94 1512 1
94 1531 1
94 1666 1
94 1715 1
94 1823 1
94 2044 1
94 2133 1
94 2179 1
94 2197 1
94 2370 1
94 2488 1
95 1 4
95 8 1
95 10 2
95 13 1
95 14 1
95 18 2
95 22 3
95 25 3
95 29 2
95 33 4
95 39 1
95 41 4
95 43 3
95 44 2
95 45 1
95 50 1
95 52 2
95 56 1
95 57 7
95 58 4
95 60 1
95 62 7
95 69 1
95 71 1
95 78 3
95 82 3
95 83 4
95 86 1
95 92 1
95 102 1
95 107 2
95 113 1
95 114 1
95 133 1
95 136 1
95 140 1
95 152 6
95 153 1
95 154 3
95 157 2
95 164 2
95 166 1
95 167 2
95 182 2
95 188 1
95 201 4
95 206 2
95 209 1
95 212 1
95 213 1
95 220 2
95 240 1
95 244 1
95 259 2
95 270 3
95 271 1
95 278 1
95 290 1
95 301 1
95 306 1
95 313 1
95 318 1
95 332 1
95 358 3
95 361 1
95 373 2
95 382 1
95 383 9
95 384 2
95 392 1
95 395 3
95 401 1
95 436 1
95 439 1
95 452 1
95 461 1
95 491 2
95 508 1
95 530 1
95 579 1
95 582 1
95 633 1
95 640 1
95 654 1
95 690 2
95 701 1
95 711 2
95 761 1
95 778 2
95 802 1
95 845 2
95 852 10
95 896 1
95 908 1
95 958 1
95 973 1
95 979 1
95 990 1
95 1030 2
95 1041 1
95 1048 2
95 1052 3
95 1067 1
95 1069 2
95 1153 1
95 1156 1
95 1158 1
95 1182 3
95 1186 1
95 1189 1
95 1190 1
95 1203 1
95 1211 1
95 1213 2
95 1267 1
95 1294 2
95 1300 2
95 1305 2
95 1313 1
95 1368 1
95 1396 4
95 1407 8
95 1428 1
95 1435 3
95 1463 1
95 1465 2
95 1470 1
95 1545 4
95 1696 1
95 1715 1
95 1755 1
95 1828 1
95 1935 3
95 1959 1
95 1981 1
95 1986 9
95 2024 1
95 2133 2
95 2162 4
95 2206 1
95 2235 1
95 2287 2
95 2389 1
95 2448 1
95 2495 1
96 1 1
96 2 1
96 3 1
96 15 2
96 18 2
96 19 2
96 20 2
96 23 1
96 31 2
96 37 1
96 42 1
96 52 1
96 54 1
96 59 1
96 169 1
96 170 1
96 180 1
96 241 1
96 298 1
96 333 1
96 410 1
96 525 1
96 1069 1
96 1276 1
96 1971 1
97 1 2
97 2 1
97 3 1
97 10 2
97 11 1
97 14 1
97 15 2
97 17 1
97 23 2
97 30 1
97 33 1
97 47 4
97 59 2
97 70 1
97 82 1
97 84 1
97 85 2
97 95 1
97 110 1
97 112 1
97 123 1
97 125 1
97 129 1
97 140 1
97 145 1
97 149 1
97 152 1
97 165 3
97 166 2
97 173 5
97 176 1
97 207 1
97 225 1
97 226 1
97 229 1
97 253 1
97 259 1
97 291 1
97 295 1
97 297 1
97 310 1
97 322 1
97 332 1
97 361 2
97 399 1
97 444 1
97 485 1
97 512 2
97 515 1
97 536 1
97 573 1
97 615 1
97 644 1
97 665 1
97 702 1
97 718 1
97 726 1
97 816 2
97 892 2
97 903 2
97 970 1
97 996 1
97 997 2
97 1038 1
97 1078 3
97 1316 1
97 1351 1
97 1656 1
97 2043 2
97 2110 1
97 2154 2
97 2245 1
97 2260 1
97 2413 1
97 2468 3
98 2 5
98 3 1
98 7 3
98 10 4
98 14 3
98 15 1
98 17 2
98 18 1
98 19 1
98 20 2
98 21 2
98 22 2
98 28 2
98 29 1
98 35 2
98 37 1
98 39 1
98 48 2
98 52 1
98 54 1
98 59 1
98 74 1
98 77 3
98 86 2
98 97 2
98 98 1
98 103 1
98 112 1
98 125 1
98 140 1
98 145 1
98 152 1
98 176 1
98 196 1
98 206 1
98 222 1
98 227 1
98 248 1
98 250 1
98 251 1
98 252 1
98 270 1
98 272 2
98 284 2
98 293 1
98 298 1
98 302 3
98 310 2
98 352 1
98 372 1
98 383 1
98 427 1
98 430 2
98 479 1
98 490 1
98 510 1
98 512 1
98 525 1
98 549 1
98 551 1
98 565 1
98 671 1
98 698 1
98 718 1
98 782 2
98 786 3
98 787 1
98 807 1
98 827 1
98 832 2
98 901 3
98 943 1
98 1015 1
98 1036 1
98 1198 1
98 1228 1
98 1377 1
98 1395 2
98 1507 1
98 1727 1
98 1816 1
98 2064 1
98 2119 1
99 1 2
99 2 19
99 3 21
99 4 6
99 7 4
99 8 2
99 10 4
99 11 2
99 13 2
99 15 7
99 16 2
99 17 1
99 18 1
99 19 2
99 21 1
99 25 2
99 26 2
99 28 3
99 30 1
99 35 1
99 45 1
99 48 6
99 50 1
99 52 1
99 55 1
99 56 1
99 59 2
99 60 2
99 65 3
99 68 1
99 69 1
99 75 2
99 82 1
99 83 1
99 85 1
99 87 1
99 93 2
99 97 1
99 102 1
99 109 4
99 113 1
99 115 2
99 120 1
99 130 1
99 136 3
99 137 1
99 139 1
99 142 1
99 158 1
99 163 1
99 165 1
99 182 1
99 195 1
99 200 3
99 202 1
99 206 2
99 211 2
99 227 2
99 229 4
99 246 1
99 253 1
99 275 14
99 279 1
99 283 2
99 291 2
99 295 3
99 301 1
99 302 2
99 303 1
99 309 9
99 327 3
99 331 1
99 333 2
99 335 1
99 341 1
99 348 1
99 362 4
99 410 2
99 440 1
99 442 1
99 451 1
99 480 1
99 491 1
99 520 1
99 525 1
99 532 1
99 577 1
99 583 1
99 615 1
99 616 1
99 622 1
99 650 3
99 651 1
99 660 1
99 675 2
99 706 1
99 734 1
99 752 1
99 760 1
99 794 1
99 801 1
99 812 1
99 847 1
99 854 2
99 871 1
99 902 2
99 949 1
99 962 1
99 986 1
99 998 1
99 1022 2
99 1063 1
99 1101 1
99 1110 1
99 1201 1
99 1203 1
99 1208 1
99 1210 1
99 1354 5
99 1383 4
99 1545 3
99 1598 1
99 1700 1
99 1776 1
99 1781 2
99 1787 1
99 1790 1
99 1915 1
99 1999 1
99 2017 1
99 2029 1
99 2066 1
99 2084 1
99 2391 1
99 2429 2
100 1 2
100 8 1
100 12 6
100 15 1
100 17 1
100 18 1
100 19 3
100 20 3
100 23 1
100 25 1
100 30 1
100 35 1
100 36 2
100 37 3
100 42 3
100 50 1
100 52 1
100 57 3
100 58 1
100 78 2
100 81 1
100 82 1
100 87 2
100 89 1
100 103 1
100 104 3
100 116 2
100 138 1
100 145 1
100 146 2
100 169 1
100 187 2
100 189 1
100 196 2
100 241 3
100 246 1
100 252 2
100 275 1
100 277 2
100 330 1
100 353 2
100 371 2
100 401 8
100 441 2
100 539 1
100 562 2
100 608 1
100 642 1
100 680 1
100 855 1
100 1001 1
100 1034 1
100 1093 1
100 1290 2
100 1570 1
100 1728 2
100 1876 3
100 2144 1
100 2253 9
